5066
5450
4896
5862
4468
3848
3933
6295
6834
5169
5725
5415
4620
7089
6019
6017
5792
6059
5890
5154
4977
3950
4239
3955
3875
4544
3842
5459
5963
7139
4852
5052
5337
4504
5857
7376
5771
5448
4393
6981
3664
5290
5383
5961
7282
6972
6409
5345
4573
4502
7457
5359
6986
4428
5035
4715
5002
4547
7040
6634
5126
6414
5468
6466
3866
5489
4004
4870
5168
5003
6279
4575
6969
3762
3590
5189
6320
4220
7044
5810
3588
6877
6749
5475
3643
6383
3641
5783
3758
4446
5119
3928
4564
5136
7124
3835
6162
4628
5767
5978
55749
55986
55712
56045
55894
55647
55335
56536
56478
56045
56625
55982
55652
56661
56074
56075
56269
56093
56037
55864
56047
55680
55458
55678
55364
55855
55565
56035
56191
56568
55689
55857
55987
55571
56092
56749
56011
56013
55944
56443
55245
55862
56013
56460
56660
56426
56306
56010
55587
55569
56746
55953
56717
56189
55829
55653
55710
55893
56574
56367
55923
56306
56014
56310
55623
55990
55321
55923
56035
55715
56243
55590
56420
55507
55201
56074
56453
55447
56591
56358
55127
56544
56370
56011
55160
56362
55159
56017
55506
55589
55836
55331
55570
55836
56720
55570
56191
55646
56245
56073
625
85
574
120
52
320
475
249
398
362
283
503
246
57
775
642
62
502
40
488
267
876
114
913
284
912
845
913
236
501
1
426
100
340
824
195
130
396
597
26
648
308
509
639
166
62
123
827
885
942
519
281
476
769
285
624
803
346
535
727
190
798
500
832
802
586
210
779
439
920
516
174
855
851
553
965
685
586
923
790
837
606
460
941
281
319
389
391
606
996
580
553
796
608
296
944
413
513
378
538
