4318 55508 1
4318 55508 10
4318 55508 100
4318 55508 1000
4318 55508 101
4318 55508 102
4318 55508 103
4318 55508 104
4318 55508 105
4318 55508 106
4318 55508 107
4318 55508 108
4318 55508 109
4318 55508 11
4318 55508 110
4318 55508 111
4318 55508 112
4318 55508 113
4318 55508 114
4318 55508 115
4318 55508 116
4318 55508 117
4318 55508 118
4318 55508 119
4318 55508 12
4318 55508 120
4318 55508 121
4318 55508 122
4318 55508 123
4318 55508 124
4318 55508 125
4318 55508 126
4318 55508 127
4318 55508 128
4318 55508 129
4318 55508 13
4318 55508 130
4318 55508 131
4318 55508 132
4318 55508 133
4318 55508 134
4318 55508 135
4318 55508 136
4318 55508 137
4318 55508 138
4318 55508 139
4318 55508 14
4318 55508 140
4318 55508 141
4318 55508 142
4318 55508 143
4318 55508 144
4318 55508 145
4318 55508 146
4318 55508 147
4318 55508 148
4318 55508 149
4318 55508 15
4318 55508 150
4318 55508 151
4318 55508 152
4318 55508 153
4318 55508 154
4318 55508 155
4318 55508 156
4318 55508 157
4318 55508 158
4318 55508 159
4318 55508 16
4318 55508 160
4318 55508 161
4318 55508 162
4318 55508 163
4318 55508 164
4318 55508 165
4318 55508 166
4318 55508 167
4318 55508 168
4318 55508 169
4318 55508 17
4318 55508 170
4318 55508 171
4318 55508 172
4318 55508 173
4318 55508 174
4318 55508 175
4318 55508 176
4318 55508 177
4318 55508 178
4318 55508 179
4318 55508 18
4318 55508 180
4318 55508 181
4318 55508 182
4318 55508 183
4318 55508 184
4318 55508 185
4318 55508 186
4318 55508 187
4318 55508 188
4318 55508 189
4318 55508 19
4318 55508 190
4318 55508 191
4318 55508 192
4318 55508 193
4318 55508 194
4318 55508 195
4318 55508 196
4318 55508 197
4318 55508 198
4318 55508 199
4318 55508 2
4318 55508 20
4318 55508 200
4318 55508 201
4318 55508 202
4318 55508 203
4318 55508 204
4318 55508 205
4318 55508 206
4318 55508 207
4318 55508 208
4318 55508 209
4318 55508 21
4318 55508 210
4318 55508 211
4318 55508 212
4318 55508 213
4318 55508 214
4318 55508 215
4318 55508 216
4318 55508 217
4318 55508 218
4318 55508 219
4318 55508 22
4318 55508 220
4318 55508 221
4318 55508 222
4318 55508 223
4318 55508 224
4318 55508 225
4318 55508 226
4318 55508 227
4318 55508 228
4318 55508 229
4318 55508 23
4318 55508 230
4318 55508 231
4318 55508 232
4318 55508 233
4318 55508 234
4318 55508 235
4318 55508 236
4318 55508 237
4318 55508 238
4318 55508 239
4318 55508 24
4318 55508 240
4318 55508 241
4318 55508 242
4318 55508 243
4318 55508 244
4318 55508 245
4318 55508 246
4318 55508 247
4318 55508 248
4318 55508 249
4318 55508 25
4318 55508 250
4318 55508 251
4318 55508 252
4318 55508 253
4318 55508 254
4318 55508 255
4318 55508 256
4318 55508 257
4318 55508 258
4318 55508 259
4318 55508 26
4318 55508 260
4318 55508 261
4318 55508 262
4318 55508 263
4318 55508 264
4318 55508 265
4318 55508 266
4318 55508 267
4318 55508 268
4318 55508 269
4318 55508 27
4318 55508 270
4318 55508 271
4318 55508 272
4318 55508 273
4318 55508 274
4318 55508 275
4318 55508 276
4318 55508 277
4318 55508 278
4318 55508 279
4318 55508 28
4318 55508 280
4318 55508 281
4318 55508 282
4318 55508 283
4318 55508 284
4318 55508 285
4318 55508 286
4318 55508 287
4318 55508 288
4318 55508 289
4318 55508 29
4318 55508 290
4318 55508 291
4318 55508 292
4318 55508 293
4318 55508 294
4318 55508 295
4318 55508 296
4318 55508 297
4318 55508 298
4318 55508 299
4318 55508 3
4318 55508 30
4318 55508 300
4318 55508 301
4318 55508 302
4318 55508 303
4318 55508 304
4318 55508 305
4318 55508 306
4318 55508 307
4318 55508 308
4318 55508 309
4318 55508 31
4318 55508 310
4318 55508 311
4318 55508 312
4318 55508 313
4318 55508 314
4318 55508 315
4318 55508 316
4318 55508 317
4318 55508 318
4318 55508 319
4318 55508 32
4318 55508 320
4318 55508 321
4318 55508 322
4318 55508 323
4318 55508 324
4318 55508 325
4318 55508 326
4318 55508 327
4318 55508 328
4318 55508 329
4318 55508 33
4318 55508 330
4318 55508 331
4318 55508 332
4318 55508 333
4318 55508 334
4318 55508 335
4318 55508 336
4318 55508 337
4318 55508 338
4318 55508 339
4318 55508 34
4318 55508 340
4318 55508 341
4318 55508 342
4318 55508 343
4318 55508 344
4318 55508 345
46815 56419 1
6815 56419 10
6815 56419 100
6815 56419 1000
6815 56419 101
6815 56419 102
6815 56419 103
6815 56419 104
6815 56419 105
6815 56419 106
6815 56419 107
6815 56419 108
6815 56419 109
6815 56419 11
6815 56419 110
6815 56419 111
6815 56419 112
6815 56419 113
6815 56419 114
6815 56419 115
6815 56419 116
6815 56419 117
6815 56419 118
6815 56419 119
6815 56419 12
6815 56419 120
6815 56419 121
6815 56419 122
6815 56419 123
6815 56419 124
6815 56419 125
6815 56419 126
6815 56419 127
6815 56419 128
6815 56419 129
6815 56419 13
6815 56419 130
6815 56419 131
6815 56419 132
6815 56419 133
6815 56419 134
6815 56419 135
6815 56419 136
6815 56419 137
6815 56419 138
6815 56419 139
6815 56419 14
6815 56419 140
6815 56419 141
6815 56419 142
6815 56419 143
6815 56419 144
6815 56419 145
6815 56419 146
6815 56419 147
6815 56419 148
6815 56419 149
6815 56419 15
6815 56419 150
6815 56419 151
6815 56419 152
6815 56419 153
6815 56419 154
6815 56419 155
6815 56419 156
6815 56419 157
6815 56419 158
6815 56419 159
6815 56419 318
4318 55508 347
4318 55508 348
4318 55508 349
4318 55508 35
4318 55508 350
4318 55508 351
4318 55508 352
4318 55508 353
4318 55508 354
4318 55508 355
4318 55508 356
4318 55508 357
4318 55508 358
4318 55508 359
4318 55508 36
4318 55508 360
4318 55508 361
4318 55508 362
4318 55508 363
4318 55508 364
4318 55508 365
4318 55508 366
4318 55508 367
4318 55508 368
4318 55508 369
4318 55508 37
4318 55508 370
4318 55508 371
4318 55508 372
4318 55508 373
4318 55508 374
4318 55508 375
4318 55508 376
4318 55508 377
4318 55508 378
4318 55508 379
4318 55508 38
4318 55508 380
4318 55508 381
4318 55508 382
4318 55508 383
4318 55508 384
4318 55508 385
4318 55508 386
4318 55508 387
4318 55508 388
4318 55508 389
4318 55508 39
4318 55508 390
4318 55508 391
4318 55508 392
4318 55508 393
4318 55508 394
4318 55508 395
4318 55508 396
4318 55508 397
4318 55508 398
4318 55508 399
4318 55508 4
4318 55508 40
4318 55508 400
4318 55508 401
4318 55508 402
4318 55508 403
4318 55508 404
4318 55508 405
4318 55508 406
4318 55508 4016
6815 56419 160
6815 56419 161
6815 56419 162
6815 56419 163
6815 56419 164
6815 56419 165
6815 56419 166
6815 56419 167
6815 56419 168
6815 56419 169
6815 56419 17
6815 56419 170
6815 56419 171
6815 56419 172
6815 56419 173
6815 56419 174
6815 56419 175
6815 56419 176
6815 56419 177
6815 56419 178
6815 56419 179
6815 56419 18
6815 56419 180
6815 56419 181
6815 56419 182
6815 56419 183
6815 56419 184
6815 56419 185
6815 56419 186
6815 56419 187
6815 56419 188
6815 56419 189
6815 56419 19
6815 56419 190
6815 56419 191
6815 56419 192
6815 56419 193
6815 56419 194
6815 56419 195
6815 56419 196
6815 56419 197
6815 56419 198
6815 56419 199
6815 56419 2
6815 56419 20
6815 56419 200
6815 56419 201
6815 56419 202
6815 56419 203
6815 56419 204
6815 56419 205
6815 56419 206
6815 56419 207
6815 56419 208
6815 56419 209
6815 56419 21
6815 56419 210
6815 56419 211
6815 56419 212
6815 56419 213
6815 56419 214
6815 56419 215
6815 56419 216
6815 56419 217
6815 56419 218
6815 56419 219
6815 56419 22
6815 56419 220
4318 55508 408
4318 55508 409
4318 55508 41
4318 55508 410
4318 55508 411
4318 55508 412
4318 55508 413
4318 55508 414
4318 55508 415
4318 55508 416
4318 55508 417
4318 55508 418
4318 55508 419
4318 55508 42
4318 55508 420
4318 55508 421
4318 55508 422
4318 55508 423
4318 55508 424
4318 55508 425
4318 55508 426
4318 55508 427
4318 55508 428
4318 55508 429
4318 55508 43
4318 55508 430
4318 55508 431
4318 55508 432
4318 55508 433
4318 55508 434
4318 55508 435
4318 55508 436
4318 55508 437
4318 55508 438
4318 55508 439
4318 55508 44
4318 55508 440
4318 55508 441
4318 55508 442
4318 55508 443
4318 55508 444
4318 55508 445
4318 55508 446
4318 55508 447
4318 55508 448
4318 55508 449
4318 55508 45
4318 55508 450
4318 55508 451
4318 55508 452
4318 55508 453
4318 55508 454
4318 55508 455
4318 55508 456
4318 55508 457
4318 55508 458
4318 55508 459
4318 55508 46
4318 55508 460
4318 55508 461
4318 55508 462
4318 55508 463
4318 55508 464
4318 55508 465
4318 55508 466
4318 55508 467
4318 55508 468
4318 55508 469
4318 5559 221
6815 56419 222
6815 56419 223
6815 56419 224
6815 56419 225
6815 56419 226
6815 56419 227
6815 56419 228
6815 56419 229
6815 56419 23
6815 56419 230
6815 56419 231
6815 56419 232
6815 56419 233
6815 56419 234
6815 56419 235
6815 56419 236
6815 56419 237
6815 56419 238
6815 56419 239
6815 56419 24
6815 56419 240
6815 56419 241
6815 56419 242
6815 56419 243
6815 56419 244
6815 56419 245
6815 56419 246
6815 56419 247
6815 56419 248
6815 56419 249
6815 56419 25
6815 56419 250
6815 56419 251
6815 56419 252
6815 56419 253
6815 56419 254
6815 56419 255
6815 56419 256
6815 56419 257
6815 56419 258
6815 56419 259
6815 56419 26
6815 56419 260
6815 56419 261
6815 56419 262
6815 56419 263
6815 56419 264
6815 56419 265
6815 56419 266
6815 56419 267
6815 56419 268
6815 56419 269
6815 56419 27
6815 56419 270
6815 56419 271
6815 56419 272
6815 56419 273
6815 56419 274
6815 56419 275
6815 56419 276
6815 56419 277
6815 56419 278
6815 56419 279
6815 56419 28
6815 56419 280
6815 56419 281
6815 56419 282
6815 56419 283
4318 55508 470
4318 55508 471
4318 55508 472
4318 55508 473
4318 55508 474
4318 55508 475
4318 55508 476
4318 55508 477
4318 55508 478
4318 55508 479
4318 55508 48
4318 55508 480
4318 55508 481
4318 55508 482
4318 55508 483
4318 55508 484
4318 55508 485
4318 55508 486
4318 55508 487
4318 55508 488
4318 55508 489
4318 55508 49
4318 55508 490
4318 55508 491
4318 55508 492
4318 55508 493
4318 55508 494
4318 55508 495
4318 55508 496
4318 55508 497
4318 55508 498
4318 55508 499
4318 55508 5
4318 55508 50
4318 55508 500
4318 55508 501
4318 55508 502
4318 55508 503
4318 55508 504
4318 55508 505
4318 55508 506
4318 55508 507
4318 55508 508
4318 55508 509
4318 55508 51
4318 55508 510
4318 55508 511
4318 55508 512
4318 55508 513
4318 55508 514
4318 55508 515
4318 55508 516
4318 55508 517
4318 55508 518
4318 55508 519
4318 55508 52
4318 55508 520
4318 55508 521
4318 55508 522
4318 55508 523
4318 55508 524
4318 55508 525
4318 55508 526
4318 55508 527
4318 55508 528
4318 55508 529
4318 55508 53
4318 55508 530
6815 56419 285
6815 56419 286
6815 56419 287
6815 56419 288
6815 56419 289
6815 56419 29
6815 56419 290
6815 56419 291
6815 56419 292
6815 56419 293
6815 56419 294
6815 56419 295
6815 56419 296
6815 56419 297
6815 56419 298
6815 56419 299
6815 56419 3
6815 56419 30
6815 56419 300
6815 56419 301
6815 56419 302
6815 56419 303
6815 56419 304
6815 56419 305
6815 56419 306
6815 56419 307
6815 56419 308
6815 56419 309
6815 56419 31
6815 56419 310
6815 56419 311
6815 56419 312
6815 56419 313
6815 56419 314
6815 56419 315
6815 56419 316
6815 56419 317
6815 56419 318
6815 56419 319
6815 56419 32
6815 56419 320
6815 56419 321
6815 56419 322
6815 56419 323
6815 56419 324
6815 56419 325
6815 56419 326
6815 56419 327
6815 56419 328
6815 56419 329
6815 56419 33
6815 56419 330
6815 56419 331
6815 56419 332
6815 56419 333
6815 56419 334
6815 56419 335
6815 56419 336
6815 56419 337
6815 56419 338
6815 56419 339
6815 56419 34
6815 56419 340
6815 56419 341
6815 56419 342
6815 56419 343
6815 56419 344
6815 56419 345
4318 55508 532
4318 55508 533
4318 55508 534
4318 55508 535
4318 55508 536
4318 55508 537
4318 55508 538
4318 55508 539
4318 55508 54
4318 55508 540
4318 55508 541
4318 55508 542
4318 55508 543
4318 55508 544
4318 55508 545
4318 55508 546
4318 55508 547
4318 55508 548
4318 55508 549
4318 55508 55
4318 55508 550
4318 55508 551
4318 55508 552
4318 55508 553
4318 55508 554
4318 55508 555
4318 55508 556
4318 55508 557
4318 55508 558
4318 55508 559
4318 55508 56
4318 55508 560
4318 55508 561
4318 55508 562
4318 55508 563
4318 55508 564
4318 55508 565
4318 55508 566
4318 55508 567
4318 55508 568
4318 55508 569
4318 55508 57
4318 55508 570
4318 55508 571
4318 55508 572
4318 55508 573
4318 55508 574
4318 55508 575
4318 55508 576
4318 55508 577
4318 55508 578
4318 55508 579
4318 55508 58
4318 55508 580
4318 55508 581
4318 55508 582
4318 55508 583
4318 55508 584
4318 55508 585
4318 55508 586
4318 55508 587
4318 55508 588
4318 55508 589
4318 55508 59
4318 55508 590
4318 55508 591
4318 55508 592
4318 55508 593
4815 56419 346
6815 56419 347
6815 56419 348
6815 56419 349
6815 56419 35
6815 56419 350
6815 56419 351
6815 56419 352
6815 56419 353
6815 56419 354
6815 56419 355
6815 56419 356
6815 56419 357
6815 56419 358
6815 56419 359
6815 56419 36
6815 56419 360
6815 56419 361
6815 56419 362
6815 56419 363
6815 56419 364
6815 56419 365
6815 56419 366
6815 56419 367
6815 56419 368
6815 56419 369
6815 56419 37
6815 56419 370
6815 56419 371
6815 56419 372
6815 56419 373
6815 56419 374
6815 56419 375
6815 56419 376
6815 56419 377
6815 56419 378
6815 56419 379
6815 56419 38
6815 56419 380
6815 56419 381
6815 56419 382
6815 56419 383
6815 56419 384
6815 56419 385
6815 56419 386
6815 56419 387
6815 56419 388
6815 56419 389
6815 56419 39
6815 56419 390
6815 56419 391
6815 56419 392
6815 56419 393
6815 56419 394
6815 56419 395
6815 56419 396
6815 56419 397
6815 56419 398
6815 56419 399
6815 56419 4
6815 56419 40
6815 56419 400
6815 56419 401
6815 56419 402
6815 56419 403
6815 56419 404
6815 56419 405
6815 56419 406
6815 56419 40318
4318 55508 595
4318 55508 596
4318 55508 597
4318 55508 598
4318 55508 599
4318 55508 6
4318 55508 60
4318 55508 600
4318 55508 601
4318 55508 602
4318 55508 603
4318 55508 604
4318 55508 605
4318 55508 606
4318 55508 607
4318 55508 608
4318 55508 609
4318 55508 61
4318 55508 610
4318 55508 611
4318 55508 612
4318 55508 613
4318 55508 614
4318 55508 615
4318 55508 616
4318 55508 617
4318 55508 618
4318 55508 619
4318 55508 62
4318 55508 620
4318 55508 621
4318 55508 622
4318 55508 623
4318 55508 624
4318 55508 625
4318 55508 626
4318 55508 627
4318 55508 628
4318 55508 629
4318 55508 63
4318 55508 630
4318 55508 631
4318 55508 632
4318 55508 633
4318 55508 634
4318 55508 635
4318 55508 636
4318 55508 637
4318 55508 638
4318 55508 639
4318 55508 64
4318 55508 640
4318 55508 641
4318 55508 642
4318 55508 643
4318 55508 644
4318 55508 645
4318 55508 646
4318 55508 647
4318 55508 648
4318 55508 649
4318 55508 65
4318 55508 650
4318 55508 651
4318 55508 652
4318 55508 653
4318 55508 654
4318 55508 657
6815 56419 408
6815 56419 409
6815 56419 41
6815 56419 410
6815 56419 411
6815 56419 412
6815 56419 413
6815 56419 414
6815 56419 415
6815 56419 416
6815 56419 417
6815 56419 418
6815 56419 419
6815 56419 42
6815 56419 420
6815 56419 421
6815 56419 422
6815 56419 423
6815 56419 424
6815 56419 425
6815 56419 426
6815 56419 427
6815 56419 428
6815 56419 429
6815 56419 43
6815 56419 430
6815 56419 431
6815 56419 432
6815 56419 433
6815 56419 434
6815 56419 435
6815 56419 436
6815 56419 437
6815 56419 438
6815 56419 439
6815 56419 44
6815 56419 440
6815 56419 441
6815 56419 442
6815 56419 443
6815 56419 444
6815 56419 445
