plates mjds fibers
3973 55323 790
5329 55946 618
4860 55691 325
4179 55684 141
6474 56362 402
6170 56240 672
6832 56426 160
4395 55828 411
7340 56726 310
7137 56566 527
5994 56101 747
5878 56033 194
3977 55335 828
4610 55621 664
6642 56396 235
3787 55565 649
3615 56544 588
7277 56748 537
4054 55358 333
4445 55869 234
3856 55269 882
6054 56089 575
5187 56074 471
5479 56016 728
3790 55208 550
6403 56357 144
6963 56724 139
3794 55241 89
4023 55328 921
4180 55679 872
4387 55534 218
4798 55672 761
6513 56543 360
3678 55208 853
5286 56225 51
3790 55208 526
5178 56246 584
4021 55620 32
7091 56658 395
5157 55923 913
6301 56543 976
6805 56442 27
6699 56411 140
4847 55931 978
3929 55335 853
5135 55862 815
4539 55865 331
5796 56274 280
5128 55912 580
5202 55824 607
5032 56208 673
5168 56035 643
5291 55947 439
4372 55541 854
4786 55651 55
4231 55444 897
4411 56164 849
4624 55654 681
4871 55928 439
5878 56033 792
4354 55810 449
5894 56039 720
6633 56369 268
6122 56246 68
4753 55674 274
4279 55508 794
4231 55444 134
7151 56598 447
4016 55632 331
6508 56535 569
4638 55956 537
3642 55177 963
3698 55501 504
4531 55563 624
4727 55693 631
4638 55956 654
3936 55302 450
6783 56284 123
5320 55999 315
7042 56573 852
3930 55332 858
6622 56365 985
5881 56038 442
5394 56001 774
4219 55480 787
6282 56572 313
6669 56413 230
6439 56358 339
6296 56219 551
6319 56452 337
7379 56713 601
7306 56663 336
6291 56209 856
4838 55686 459
4501 55590 744
4287 55483 405
4203 55447 847
6198 56211 601
4535 55860 999
4078 55358 984
5945 56213 196
5054 56191 792
6972 56426 788
6973 56741 163
3931 55350 206
4006 55328 86
5706 56165 460
3945 55648 608
6398 56356 19
4979 56045 690
6731 56385 263
6475 56337 430
6422 56328 730
3818 55532 704
6275 56245 226
4779 55656 790
4423 55889 882
4854 55685 876
6026 56071 667
4790 55888 183
7084 56624 396
3691 55274 171
6837 56442 825
5775 56009 305
5955 56456 785
7133 56567 485
4629 55630 704
3951 55681 901
6188 56208 339
5447 55958 426
5350 56009 349
4536 55857 345
6837 56442 937
7259 56603 155
6298 56208 142
5462 55978 113
3771 55293 376
6740 56401 833
5044 56186 671
6748 56371 181
5694 56213 40
6707 56383 306
4697 55660 190
4775 55708 620
4057 55357 91
4025 55350 837
7059 56592 42
6753 56399 289
5392 56010 698
4889 55709 510
4039 55648 4
5951 56102 99
6271 56304 623
6433 56339 944
5304 55925 453
5879 56047 251
5487 55982 120
4427 56107 203
7135 56564 459
4291 55525 36
5059 56190 663
5386 56008 462
6437 56340 290
6129 56301 952
4048 55602 957
5431 56011 427
3744 55209 892
4859 55684 514
3775 55207 925
6467 56270 587
3782 55244 662
3945 55648 612
6828 56430 673
4641 55947 607
3849 55274 129
4296 55499 488
5394 56001 776
6973 56741 656
5165 56063 995
7096 56683 26
3829 55300 34
5392 56010 274
4464 55866 510
4481 55630 790
7241 56606 851
4497 55564 788
4633 55620 426
5813 56363 334
6306 56487 477
5296 55922 38
5202 55824 493
3642 55177 542
4964 55749 40
7046 56568 854
4638 55956 13
5318 55983 819
6059 56093 254
3858 55273 58
6268 56245 836
5448 56013 869
4051 55337 790
7247 56626 866
5493 56009 389
5017 55715 976
6200 5621755533 78
6489 56329 321
4983 55836 447
6756 56426 93
6804 56447 680
4776 55652 179
4791 55889 575
4425 55864 159
5452 55957 320
5142 55825 499
5452 55957 332
7028 56449 354
4191 55444 636
6018 56067 522
5435 55982 229
7374 56751 910
4481 55630 651
5992 56066 926
4464 55866 752
5357 55956 745
5159 55856 617
4176 55682 514
4393 55944 137
3782 55244 286
5063 55831 292
3821 55535 401
5204 56036 724
5180 55947 620
4648 55673 929
3833 55290 849
4079 55363 512
4494 55569 506
5021 55863 924
6497 56329 342
7332 56683 710
5702 56221 680
6986 56717 294
5394 56001 97
4083 55443 80
6282 56572 933
4017 55329 619
5724 56364 378
5390 56002 664
7093 56657 649
4045 55622 732
5472 55976 344
6592 56535 161
4969 56041 163
6118 56189 480
6176 56264 592
6146 56265 29
4079 56425 78
4307 55531 966
6314 56191 390
3857 55272 234
6294 56482 128
5363 55956 943
7114 56748 947
7123 56726 731
3691 55274 151
6986 56717 243
3766 55213 934
6515 56536 42
6603 56567 952
6810 56447 943
6191 56248 984
4280 55503 187
4654 55659 875
4349 55803 998
4222 55444 399
4419 55867 565
5417 55978 816
3852 55243 415
7184 56629 962
4535 55860 194
5465 55988 611
4778 55706 650
5051 56214 445
6497 56329 235
3974 55320 626
4192 55469 316
6273 56243 491
6804 56447 362
6016 56073 537
4862 55685 485
6801 56487 364
4717 55742 968
7093 56657 943
4648 55673 740
3665 55247 65
4662 55590 333
4453 55535 321
5163 55889 931
5998 56087 758
6476 56358 4
6292 56566 690
5338 56002 593
4377 55828 711
4399 55811 951
4258 55481 507
6749 56370 709
3857 55272 803
7280 56709 656
4729 55626 598
6591 56535 979
6303 56539 441
3931 55350 385
4976 56046 790
5959 56214 646
5053 56213 481
4659 55587 373
3784 55269 159
4988 55825 401
6656 56624 357
6669 56413 85
6397 56365 654
5153 56577 732
4219 55480 43
4220 55447 556
5694 56213 35
6493 56338 981
3695 55212 37
4889 55709 88
4761 55633 612
6826 56449 265
3831 55543 326
5485 56063 128
4614 55604 620
6742 56415 189
3979 55597 265
6972 56426 320
4536 55857 629
4646 55622 885
3830 55574 435
4049 55591 443
6120 56206 918
4242 55476 155
5202 55824 735
5033 56244 563
6969 56420 979
4454 55536 282
6743 56385 482
3549 55144 707
6597 56304 694
6583 56566 746
4277 55506 316
3807 55511 35
3924 55332 734
4504 55571 537
6035 56076 873
4317 55480 182
4536 55857 513
5378 56011 207
5111 55840 373
6054 56089 126
4242 55476 308
7448 56739 34
4895 55708 510
6798 56485 138
6203 56266 413
4443 55539 133
6055 56102 509
5986 56328 17
4357 55829 388
3791 55501 33
4971 55747 866
3848 55647 348
4318 55508 614
6014 56072 410
6257 56274 904
6487 56362 919
4046 55605 679
7385 56710 653
4576 55592 19
5161 55956187 78
6630 56358 231
5349 55929 473
4089 55470 629
6130 56214 7
5112 55895 911
4554 56193 76
4836 55689 737
6791 56429 158
4364 55855 733
3841 55295 769
6725 56390 307
4087 55449 265
5879 56047 565
4536 55857 579
5420 56009 301
4571 55629 37
4612 55590 720
5390 56002 743
5457 55976 493
7294 56739 862
4984 55827 852
4544 55855 612
4466 55857 912
5879 56047 868
3765 55508 288
5805 56336 421
3783 55246 49
7453 56749 83
6588 56536 572
3879 55244 373
4214 55451 376
4242 55476 37
4497 55564 290
4789 55923 742
5376 55987 444
7101 56634 509
6695 56628 910
6813 56419 172
4707 55653 616
4315 55503 303
4799 55656 80
4352 55533 738
4848 55955 77
5733 56575 250
7130 56568 563
5476 55986 498
4185 55469 642
6648 56383 126
4855 55926 840
5360 55983 234
6394 56330 833
4645 55623 502
6433 56339 880
6462 56326 18
4793 55648 940
7143 56572 898
6192 56269 647
5351 55952 919
4575 55590 434
6806 56419 577
6732 56370 800
6832 56426 378
4366 55536 596
7033 56565 222
6280 56570 707
5946 56101 425
5902 56042 994
6681 56419 341
4413 55894 744
4218 55479 522
3830 55574 579
4292 55532 273
4540 55863 991
7099 56666 848
3586 55181 199
6128 56236 327
4318 55508 966
4259 55501 829
5401 55949 29
7336 56656 180
5004 55711 566
4408 55888 882
4013 55629 982
4834 55685 114
6730 56425 360
5900 56043 609
6510 56486 250
4080 55368 879
3819 55540 463
5028 55836 899
6315 56181 400
3690 55182 141
7145 56567 210
6157 56238 686
5867 56034 525
4364 55855 160
6428 56279 156
7164 56597 182
6002 56104 313
3811 55538 458
6192 56269 795
6721 56398 132
6722 56431 987
5962 56265 608
5730 56607 104
6058 56090 899
5714 56660 484
5210 56003 913
5177 56245 701
6683 56416 713
6634 56367 338
6529 56535 528
7039 56572 792
3972 55297 896
4239 55458 44
4088 55451 973
6493 56338 679
7280 56709 884
5067 55751 386
4763 55869 971
3674 55153 189
6172 56269 872
3655 55240 258
5894 56039 418
4532 55559 288
6933 56398 968
4643 55946 776
6123 56217 732
4875 55677 648
7116 56681 230
3769 55240 647
5888 56041 19
7338 56669 297
5857 56092 981
3836 55302 405
6695 56628 175
4276 55505 943
5396 55947 375
5129 55864 194
7118 56686 340
6873 56541 506
7035 56568 148
4735 55651 902
6142 56219 389
7139 56568 207
5791 56255 368
3945 55648 281
4770 55928 430
5849 56033 138
6702 56381 108
3551 55156 366
6195 56220 416
6476 56358 248
6693 56384 85
7456 56727 503
3695 55212 577
4304 55506 301
6750 56367 925
5005 55751 455
4754 55649 785
4370 55534 338
6680 56420 151
6383 56362 57
6126 56269 513
4831 55679 740
5441 56017 667
5337 55987 515
5775 56009 476
7237 56662 444
6637 56370 428
5128 55912 209
6275 56245 849
7103 56661 180
4277 55506 292
4458 55536 971
6932 56397 358
6974 56442 683
3980 55331 159
6000 56102 291
5054 56191 636
4665 56209 647
7163 56593 876
3869 55273 155
4479 55592 543
5343 55999 907
3832 55289 362
4456 55537 790
5376 55987 635
5448 56013 339
6030 56097 746
6618 56401 727
3858 55273 274
6815 56419 773
3981 55603 123
3825 55533 274
7277 56748 838
5888 56041 601
6276 56269 559
6624 56385 979
6313 56460 620
6815 56419 46
4700 55709 412
3942 55338 288
5044 56186 66
4410 56187 92
6284 56310 582
4367 55566 708
4607 56248 880
5807 56329 597
6374 56326 730
5984 56337 464
5648 55923 839
5737 56381 166
5159 55856 645
5946 56101 755
3698 55501 733
6648 56383 931
4494 55569 108
4717 55742 512
6791 56429 118
4953 55749 349
5737 56381 943
3764 55514 156
7043 56576 963
4310 55508 798
3643 55160 238
3790 55208 12
3671 55483 479
6975 56720 760
6691 56413 240
3834 56014 825
5988 56072 73
5767 56245 833
4603 55999 354
7253 56598 865
6808 56443 615
6194 56190 357
5038 56235 739
4498 55615 316
4050 55599 396
3926 55327 103
4545 55567 923
5067 55751 560
4298 55511 337
5490 56003 918
3933 55335 812
5357 55956 69
5877 56041 32
4500 55543 719
6033 56069 358
4459 55533 117
5392 56010 160
5463 56003 23
7294 56739 242
5048 56218 1000
5156 55925 752
7035 56568 215
5056 55921 248
6048 56072 127
6634 56367 344
5471 56034 171
4363 55537 484
6405 56342 978
4882 55721 272
5051 56214 629
5059 56190 293
5193 56066 869
4858 55686 651
3700 55542 498
6316 56483 515
5151 56567 744
6140 56189 508
5360 55983 680
6428 56279 203
6282 56572 115
6124 56211 553
5394 56001 480
4838 55686 397
3665 55247 390
6582 56274 331
5791 56255 970
4703 55617 430
7160 56599 997
4808 55705 432
7108 56686 715
6288 56192 563
7427 56751 140
7116 56681 108
6131 56211 378
6658 56606 114
4540 55863 393
5426 55987 451
4838 55686 721
4622 55629 755
5477 56030 679
4508 55600 429
5960 56097 168
4703 55617 449
5649 55912 983
6300 56449 728
7292 56709 108
7385 56710 657
6592 56535 152
6697 56419 796
6732 56370 278
7128 56567 253
5151 56567 878
4735 55651 226
4201 55443 561
5479 56016 268
6260 56568 162
4545 55567 528
4371 55830 697
4832 55680 619
5847 56037 37
4668 56211 59
4612 55590 850
4035 55383 206
5351 55952 713
6672 56386 107
7045 56577 952
5333 56001 815
6012 56101 693
6489 56329 929
3928 55331 553
6638 56370 100
4646 55622 711
4637 55616 875
4976 56046 581
6787 56447 223
7457 56746 492
6594 56272 509
5427 56001 946
5134 55868 182
4989 55743 454
4086 55446 583
3818 55532 847
6171 56311 646
5449 56030 194
6167 56189 789
5378 56011 75
3757 55508 108
6748 56371 126
3925 55338 558
6037 56160 497
6738 56424 687
6494 56363 577
4216 55477 938
7248 56630 818
5371 55976 646
6315 56181 515
4237 55478 844
6670 56389 852
4383 55881 635
4444 55538 609
6585 56479 65
5332 55981 998
6830 56429 273
6052 56092 768
5490 56003 813
6157 56238 236
4690 55653 888
6801 56487 979
4453 55535 851
5332 55981 199
5336 55957 184
3538 55124 477
4240 55455 944
4316 55505 770
5457 55976 688
4533 55855 479
5143 55828 621
3877 55365 948
4783 55652 438
5779 56338 256
6760 56425 390
4563 55617 980
3939 55633 585
7247 56626 715
6001 56072 439
5009 55707 586
4779 55656 883
6514 56487 69
5885 56036 409
4718 55750 648
4224 55481 134
4227 55481 737
6976 56448 889
3770 55234 974
7043 56576 849
6404 56330 306
5393 55946 638
3807 58 221
5987 56339 765
5047 55833 768
5297 55913 385
4480 55591 708
5794 56282 538
4726 55712 873
4831 55679 496
5145 55835 28
7115 56667 243
4695 55957 210
5415 55982 218
6796 56453 793
3639 55205 362
4177 55688 306
4566 55630 618
5475 56011 371
7167 56604 482
4865 55713 256
4285 55881 849
7301 56746 424
4460 55533 541
3774 55244 262
6011 56103 455
7414 56748 524
5894 56039 626
4978 56036 427
5427 56001 274
6510 56486 620
6063 56077 406
4538 55860 134
7325 56717 69
4412 55912 344
5714 56660 651
4408 55888 802
6731 56385 433
5812 56354 970
6737 56365 752
6308 56215 367
5429 55979 873
4230 55483 720
4853 55928 616
5392 56010 295
4544 55855 230
6981 56443 508
4073 55663 412
4805 55715 796
6719 56390 723
6590 56273 357
5449 56030 176
7037 56570 780
6718 56398 319
6131 56211 643
6160 56190 436
5398 56011 824
4049 55591 21
4008 55356 466
4557 55588 341
5424 56033 992
7140 56569 356
4286 55499 404
6497 56329 850
3832 55289 612
3694 55209 515
5047 55833 562
3849 55274 35
6044 56090 385
5728 56334 783
6735 56397 844
4075 55352 386
7109 56658 751
6803 56402 42
5338 56002 359
6809 56454 778
4783 55652 827
4802 55652 523
7340 56726 109
3927 55333 813
4562 55570 622
4095 55497 772
5767 56245 327
3837 55572 736
5403 55979 132
6503 56564 789
3776 55209 674
4659 55587 142
5033 56244 654
5022 55827 899
4220 55447 203
4490 55629 948
3940 55327 214
6734 56386 432
5783 56017 910
4072 55362 415
7377 56741 443
6969 56420 205
5047 55833 227
6657 56366 191
5368 56001 9
4875 55677 124
4366 55536 874
6020 56087 460
4576 55592 27
7240 56665 352
5944 56220 563
6632 56366 528
6877 56544 768
4649 55621 711
4343 55540 993
4359 55533 848
5352 56269 539
5367 55986 152
4294 55500 488
5345 56010 200
6656 56624 917
4425 55864 373
5133 55860 981
6056 56092 152
6589 56536 705
5901 56039 927
4848 55955 413
4494 55569 273
6027 56103 399
6159 56214 908
4493 55585 605
4835 55688 177
3787 55565 634
4893 55709 572
6170 56240 36
3648 55131 753
4383 55881 326
6173 56238 76
5961 56460 771
3932 55337 258
6002 56104 296
4649 55621 29
6702 56381 99
6685 56412 87
6872 56540 331
4576 55592 701
5379 55986 208
7429 56740 820
6151 56265 117
4503 55563 173
7103 56661 621
6675 56415 42
6666 56371 393
6167 56189 712
5341 55931 534
4017 55329 968
6000 56102 286
6021 56067 967
6973 56741 731
7377 56741 406
7165 56603 30
4886 55737 456
6295 56536 154
5330 56000 785
5351 55952 170
6500 56541 832
4499 55572 232
5427 56001 273
4258 55481 496
3788 55246 624
6157 56238 861
6747 56388 268
4989 55743 833
4067 55361 117
6110 56279 636
6603 56567 798
5157 55923 351
3657 55131 959
6780 56605 189
5861 56069 463
6963 56724 630
5706 56165 399
7166 56602 126
3599 55103 342
5474 56036 852
6467 56270 693
6183 56210 760
6256 56323 254
3985 55320 468
4708 55704 62
3670 55480 28
4262 55482 298
5067 55751 822
4990 55743 449
4988 55825 592
7137 56566 710
4755 55660 545
6265 56248 568
5109 55892 990
6638 56370 611
5736 55984 784
5700 56245 709
4831 55679 571
7138 56572 560
4396 55829 447
6717 56397 978
3962 55660 608
5054 56191 1000
7427 56751 721
6790 56430 687
6033 56069 264
3657 55131 708
4026 55325 11
5348 55978 257
5326 56002 645
6319 56452 436
6604 56337 510
6256 56323 920
4478 55600 579
7181 56662 705
4872 55944 815
4839 55703 765
7123 56726 354
4363 55537 994
4792 55925 585
5365 55945 929
6284 56310 726
3659 55151 184
3549 55144 979
5043 56187 364
6830 56429 954
7096 56683 515
4630 55623 895
6115 56237 410
7038 56571 214
