plates mjds fibers
3973 55323 790
5329 55946 618
4860 55691 325
4179 55684 141
6474 56362 402
6170 56240 672
6832 56426 160
4395 55828 411
7340 56726 310
7137 56566 527
5994 56101 747
5878 56033 194
3977 55335 828
4610 55621 664
6642 56396 235
3787 55565 649
3615 56544 588
7277 56748 537
4054 55358 333
4445 55869 234
3856 55269 882
6054 56089 575
5187 56074 471
5479 56016 728
3790 55208 550
6403 56357 144
6963 56724 139
3794 55241 89
4023 55328 921
4180 55679 872
4387 55534 218
4798 55672 761
6513 56543 360
3678 55208 853
5286 56225 51
3790 55208 526
5178 56246 584
4021 55620 32
7091 56658 395
5157 55923 913
6301 56543 976
6805 56442 27
6699 56411 140
4847 55931 978
3929 55335 853
5135 55862 815
4539 55865 331
5796 56274 280
5128 55912 580
5202 55824 607
5032 56208 673
5168 56035 643
5291 55947 439
4372 55541 854
4786 55651 55
4231 55444 897
4411 56164 849
4624 55654 681
4871 55928 439
5878 56033 792
4354 55810 449
5894 56039 720
6633 56369 268
6122 56246 68
4753 55674 274
4279 55508 794
4231 55444 134
7151 56598 447
4016 55632 331
6508 56535 569
4638 55956 537
3642 55177 963
3698 55501 504
4531 55563 624
4727 55693 631
4638 55956 654
3936 55302 450
6783 56284 123
5320 55999 315
7042 56573 852
3930 55332 858
6622 56365 985
5881 56038 442
5394 56001 774
4219 55480 787
6282 56572 313
6669 56413 230
6439 56358 339
6296 56219 551
6319 56452 337
7379 56713 601
7306 56663 336
6291 56209 856
4838 55686 459
4501 55590 744
4287 55483 405
4203 55447 847
6198 56211 601
4535 55860 999
4078 55358 984
5945 56213 196
5054 56191 792
6972 56426 788
6973 56741 163
3931 55350 206
4006 55328 86
5706 56165 460
3945 55648 608
6398 56356 19
4979 56045 690
6731 56385 263
6475 56337 430
6422 56328 730
3818 55532 704
6275 56245 226
4779 55656 790
4423 55889 882
4854 55685 876
6026 56071 667
4790 55888 183
7084 56624 396
3691 55274 171
6837 56442 825
5775 56009 305
5955 56456 785
7133 56567 485
4629 55630 704
3951 55681 901
6188 56208 339
5447 55958 426
5350 56009 349
4536 55857 345
6837 56442 937
7259 56603 155
6298 56208 142
5462 55978 113
3771 55293 376
6740 56401 833
5044 56186 671
6748 56371 181
5694 56213 40
6707 56383 306
4697 55660 190
4775 55708 620
4057 55357 91
4025 55350 837
7059 56592 42
6753 56399 289
5392 56010 698
4889 55709 510
4039 55648 4
5951 56102 99
6271 56304 623
6433 56339 944
5304 55925 453
5879 56047 251
5487 55982 120
4427 56107 203
7135 56564 459
4291 55525 36
5059 56190 663
5386 56008 462
6437 56340 290
6129 56301 952
4048 55602 957
5431 56011 427
3744 55209 892
4859 55684 514
3775 55207 925
6467 56270 587
3782 55244 662
3945 55648 612
6828 56430 673
4641 55947 607
3849 55274 129
4296 55499 488
5394 56001 776
6973 56741 656
5165 56063 995
7096 56683 26
3829 55300 34
5392 56010 274
4464 55866 510
4481 55630 790
7241 56606 851
4497 55564 788
4633 55620 426
5813 56363 334
6306 56487 477
5296 55922 38
5202 55824 493
3642 55177 542
4964 55749 40
7046 56568 854
4638 55956 13
5318 55983 819
6059 56093 254
3858 55273 58
6268 56245 836
5448 56013 869
4051 55337 790
7247 56626 866
5493 56009 389
5017 55715 976
6200 5621755533 78
6489 56329 321
4983 55836 447
6756 56426 93
6804 56447 680
4776 55652 179
4791 55889 575
4425 55864 159
5452 55957 320
5142 55825 499
5452 55957 332
7028 56449 354
4191 55444 636
6018 56067 522
5435 55982 229
7374 56751 910
4481 55630 651
5992 56066 926
4464 55866 752
5357 55956 745
5159 55856 617
4176 55682 514
4393 55944 137
3782 55244 286
5063 55831 292
3821 55535 401
5204 56036 724
5180 55947 620
4648 55673 929
3833 55290 849
4079 55363 512
4494 55569 506
5021 55863 924
6497 56329 342
7332 56683 710
5702 56221 680
6986 56717 294
5394 56001 97
4083 55443 80
6282 56572 933
4017 55329 619
5724 56364 378
5390 56002 664
7093 56657 649
4045 55622 732
5472 55976 344
6592 56535 161
4969 56041 163
6118 56189 480
6176 56264 592
6146 56265 29
4079 56425 78
4307 55531 966
6314 56191 390
3857 55272 234
6294 56482 128
5363 55956 943
7114 56748 947
7123 56726 731
3691 55274 151
6986 56717 243
3766 55213 934
6515 56536 42
6603 56567 952
6810 56447 943
6191 56248 984
4280 55503 187
4654 55659 875
4349 55803 998
4222 55444 399
4419 55867 565
5417 55978 816
3852 55243 415
7184 56629 962
4535 55860 194
5465 55988 611
4778 55706 650
5051 56214 445
6497 56329 235
3974 55320 626
4192 55469 316
6273 56243 491
6804 56447 362
6016 56073 537
4862 55685 485
6801 56487 364
4717 55742 968
7093 56657 943
4648 55673 740
3665 55247 65
4662 55590 333
4453 55535 321
5163 55889 931
5998 56087 758
6476 56358 4
6292 56566 690
5338 56002 593
4377 55828 711
4399 55811 951
4258 55481 507
6749 56370 709
3857 55272 803
7280 56709 656
4729 55626 598
6591 56535 979
6303 56539 441
3931 55350 385
4976 56046 790
5959 56214 646
5053 56213 481
4659 55587 373
3784 55269 159
4988 55825 401
6656 56624 357
6669 56413 85
6397 56365 654
5153 56577 732
4219 55480 43
4220 55447 556
5694 56213 35
6493 56338 981
3695 55212 37
4889 55709 88
4761 55633 612
6826 56449 265
3831 55543 326
5485 56063 128
4614 55604 620
6742 56415 189
3979 55597 265
6972 56426 320
4536 55857 629
4646 55622 885
3830 55574 435
4049 55591 443
6120 56206 918
4242 55476 155
5202 55824 735
5033 56244 563
6969 56420 979
4454 55536 282
6743 56385 482
3549 55144 707
6597 56304 694
6583 56566 746
4277 55506 316
3807 55511 35
3924 55332 734
4504 55571 537
6035 56076 873
4317 55480 182
4536 55857 513
5378 56011 207
5111 55840 373
6054 56089 126
4242 55476 308
7448 56739 34
4895 55708 510
6798 56485 138
6203 56266 413
4443 55539 133
6055 56102 509
5986 56328 17
4357 55829 388
3791 55501 33
4971 55747 866
3848 55647 348
4318 55508 614
6014 56072 410
6257 56274 904
6487 56362 919
4046 55605 679
7385 56710 653
4576 55592 19
5161 55956187 78
6630 56358 231
5349 55929 473
4089 55470 629
6130 56214 7
5112 55895 911
4554 56193 76
4836 55689 737
6791 56429 158
4364 55855 733
3841 55295 769
6725 56390 307
4087 55449 265
5879 56047 565
4536 55857 579
5420 56009 301
4571 55629 37
4612 55590 720
5390 56002 743
5457 55976 493
7294 56739 862
4984 55827 852
4544 55855 612
4466 55857 912
5879 56047 868
3765 55508 288
5805 56336 421
3783 55246 49
7453 56749 83
6588 56536 572
3879 55244 373
4214 55451 376
4242 55476 37
4497 55564 290
4789 55923 742
5376 55987 444
7101 56634 509
6695 56628 910
6813 56419 172
4707 55653 616
4315 55503 303
4799 55656 80
4352 55533 738
4848 55955 77
5733 56575 250
7130 56568 563
5476 55986 498
4185 55469 642
6648 56383 126
4855 55926 840
5360 55983 234
6394 56330 833
4645 55623 502
6433 56339 880
6462 56326 18
4793 55648 940
7143 56572 898
6192 56269 647
5351 55952 919
4575 55590 434
6806 56419 577
6732 56370 800
6832 56426 378
4366 55536 596
7033 56565 222
6280 56570 707
5946 56101 425
5902 56042 994
6681 56419 341
4413 55894 744
4218 55479 522
3830 55574 579
4292 55532 273
4540 55863 991
7099 56666 848
3586 55181 199
6128 56236 327
4318 55508 966
4259 55501 829
5401 55949 29
7336 56656 180
5004 55711 566
4408 55888 882
4013 55629 982
4834 55685 114
6730 56425 360
5900 56043 609
6510 56486 250
4080 55368 879
3819 55540 463
5028 55836 899
6315 56181 400
3690 55182 141
7145 56567 210
6157 56238 686
5867 56034 525
4364 55855 160
6428 56279 156
7164 56597 182
6002 56104 313
3811 55538 458
6192 56269 795
6721 56398 132
6722 56431 987
5962 56265 608
5730 56607 104
6058 56090 899
5714 56660 484
5210 56003 913
5177 56245 701
6683 56416 713
6634 56367 338
6529 56535 528
7039 56572 792
3972 55297 896
4239 55458 44
4088 55451 973
6493 56338 679
7280 56709 884
5067 55751 386
4763 55869 971
3674 55153 189
6172 56269 872
3655 55240 258
5894 56039 418
4532 55559 288
6933 56398 968
4643 55946 776
6123 56217 732
4875 55677 648
7116 56681 230
3769 55240 647
5888 56041 19
7338 56669 297
5857 56092 981
3836 55302 405
6695 56628 175
4276 55505 943
5396 55947 375
5129 55864 194
7118 56686 340
6873 56541 506
7035 56568 148
4735 55651 902
6142 56219 389
7139 56568 207
5791 56255 368
3945 55648 281
4770 55928 430
5849 56033 138
6702 56381 108
3551 55156 366
6195 56220 416
6476 56358 248
6693 56384 85
7456 56727 503
3695 55212 577
4304 55506 301
6750 56367 925
5005 55751 455
4754 55649 785
4370 55534 338
6680 56420 151
6383 56362 57
6126 56269 513
4831 55679 740
5441 56017 667
5337 55987 515
5775 56009 476
7237 56662 444
6637 56370 428
5128 55912 209
6275 56245 849
7103 56661 180
4277 55506 292
4458 55536 971
6932 56397 358
6974 56442 683
3980 55331 159
6000 56102 291
5054 56191 636
4665 56209 647
7163 56593 876
3869 55273 155
4479 55592 543
5343 55999 907
3832 55289 362
4456 55537 790
5376 55987 635
5448 56013 339
6030 56097 746
6618 56401 727
3858 55273 274
6815 56419 773
3981 55603 123
3825 55533 274
7277 56748 838
5888 56041 601
6276 56269 559
6624 56385 979
6313 56460 620
6815 56419 46
4700 55709 412
3942 55338 288
5044 56186 66
4410 56187 92
6284 56310 582
4367 55566 708
4607 56248 880
5807 56329 597
6374 56326 730
5984 56337 464
5648 55923 839
5737 56381 166
5159 55856 645
5946 56101 755
3698 55501 733
6648 56383 931
4494 55569 108
4717 55742 512
6791 56429 118
4953 55749 349
5737 56381 943
3764 55514 156
7043 56576 963
4310 55508 798
3643 55160 238
3790 55208 12
3671 55483 479
6975 56720 760
6691 56413 240
3834 56014 825
5988 56072 73
5767 56245 833
4603 55999 354
7253 56598 865
6808 56443 615
6194 56190 357
5038 56235 739
4498 55615 316
4050 55599 396
3926 55327 103
4545 55567 923
5067 55751 560
4298 55511 337
5490 56003 918
3933 55335 812
5357 55956 69
5877 56041 32
4500 55543 719
6033 56069 358
4459 55533 117
5392 56010 160
5463 56003 23
7294 56739 242
5048 56218 1000
5156 55925 752
7035 56568 215
5056 55921 248
6048 56072 127
6634 56367 344
5471 56034 171
4363 55537 484
6405 56342 978
4882 55721 272
5051 56214 629
5059 56190 293
5193 56066 869
4858 55686 651
3700 55542 498
6316 56483 515
5151 56567 744
6140 56189 508
5360 55983 680
6428 56279 203
6282 56572 115
6124 56211 553
5394 56001 480
4838 55686 397
3665 55247 390
6582 56274 331
5791 56255 970
4703 55617 430
7160 56599 997
4808 55705 432
7108 56686 715
6288 56192 563
7427 56751 140
7116 56681 108
6131 56211 378
6658 56606 114
4540 55863 393
5426 55987 451
4838 55686 721
4622 55629 755
5477 56030 679
4508 55600 429
5960 56097 168
4703 55617 449
5649 55912 983
6300 56449 728
7292 56709 108
7385 56710 657
6592 56535 152
6697 56419 796
6732 56370 278
7128 56567 253
5151 56567 878
4735 55651 226
4201 55443 561
5479 56016 268
6260 56568 162
4545 55567 528
4371 55830 697
4832 55680 619
5847 56037 37
4668 56211 59
4612 55590 850
4035 55383 206
5351 55952 713
6672 56386 107
7045 56577 952
5333 56001 815
6012 56101 693
6489 56329 929
3928 55331 553
6638 56370 100
4646 55622 711
4637 55616 875
4976 56046 581
6787 56447 223
7457 56746 492
6594 56272 509
5427 56001 946
5134 55868 182
4989 55743 454
4086 55446 583
3818 55532 847
6171 56311 646
5449 56030 194
6167 56189 789
5378 56011 75
3757 55508 108
6748 56371 126
3925 55338 558
6037 56160 497
6738 56424 687
6494 56363 577
4216 55477 938
7248 56630 818
5371 55976 646
6315 56181 515
4237 55478 844
6670 56389 852
4383 55881 635
4444 55538 609
6585 56479 65
5332 55981 998
6830 56429 273
6052 56092 768
5490 56003 813
6157 56238 236
4690 55653 888
6801 56487 979
4453 55535 851
5332 55981 199
5336 55957 184
3538 55124 477
4240 55455 944
4316 55505 770
5457 55976 688
4533 55855 479
5143 55828 621
3877 55365 948
4783 55652 438
5779 56338 256
6760 56425 390
4563 55617 980
3939 55633 585
7247 56626 715
6001 56072 439
5009 55707 586
4779 55656 883
6514 56487 69
5885 56036 409
4718 55750 648
4224 55481 134
4227 55481 737
6976 56448 889
3770 55234 974
7043 56576 849
6404 56330 306
5393 55946 638
3807 58 221
5987 56339 765
5047 55833 768
5297 55913 385
4480 55591 708
5794 56282 538
4726 55712 873
4831 55679 496
5145 55835 28
7115 56667 243
4695 55957 210
5415 55982 218
6796 56453 793
3639 55205 362
4177 55688 306
4566 55630 618
5475 56011 371
7167 56604 482
4865 55713 256
4285 55881 849
7301 56746 424
4460 55533 541
3774 55244 262
6011 56103 455
7414 56748 524
5894 56039 626
4978 56036 427
5427 56001 274
6510 56486 620
6063 56077 406
4538 55860 134
7325 56717 69
4412 55912 344
5714 56660 651
4408 55888 802
6731 56385 433
5812 56354 970
6737 56365 752
6308 56215 367
5429 55979 873
4230 55483 720
4853 55928 616
5392 56010 295
4544 55855 230
6981 56443 508
4073 55663 412
4805 55715 796
6719 56390 723
6590 56273 357
5449 56030 176
7037 56570 780
6718 56398 319
6131 56211 643
6160 56190 436
5398 56011 824
4049 55591 21
4008 55356 466
4557 55588 341
5424 56033 992
7140 56569 356
4286 55499 404
6497 56329 850
3832 55289 612
3694 55209 515
5047 55833 562
3849 55274 35
6044 56090 385
5728 56334 783
6735 56397 844
4075 55352 386
7109 56658 751
6803 56402 42
5338 56002 359
6809 56454 778
4783 55652 827
4802 55652 523
7340 56726 109
3927 55333 813
4562 55570 622
4095 55497 772
5767 56245 327
3837 55572 736
5403 55979 132
6503 56564 789
3776 55209 674
4659 55587 142
5033 56244 654
5022 55827 899
4220 55447 203
4490 55629 948
3940 55327 214
6734 56386 432
5783 56017 910
4072 55362 415
7377 56741 443
6969 56420 205
5047 55833 227
6657 56366 191
5368 56001 9
4875 55677 124
4366 55536 874
6020 56087 460
4576 55592 27
7240 56665 352
5944 56220 563
6632 56366 528
6877 56544 768
4649 55621 711
4343 55540 993
4359 55533 848
5352 56269 539
5367 55986 152
4294 55500 488
5345 56010 200
6656 56624 917
4425 55864 373
5133 55860 981
6056 56092 152
6589 56536 705
5901 56039 927
4848 55955 413
4494 55569 273
6027 56103 399
6159 56214 908
4493 55585 605
4835 55688 177
3787 55565 634
4893 55709 572
6170 56240 36
3648 55131 753
4383 55881 326
6173 56238 76
5961 56460 771
3932 55337 258
6002 56104 296
4649 55621 29
6702 56381 99
6685 56412 87
6872 56540 331
4576 55592 701
5379 55986 208
7429 56740 820
6151 56265 117
4503 55563 173
7103 56661 621
6675 56415 42
6666 56371 393
6167 56189 712
5341 55931 534
4017 55329 968
6000 56102 286
6021 56067 967
6973 56741 731
7377 56741 406
7165 56603 30
4886 55737 456
6295 56536 154
5330 56000 785
5351 55952 170
6500 56541 832
4499 55572 232
5427 56001 273
4258 55481 496
3788 55246 624
6157 56238 861
6747 56388 268
4989 55743 833
4067 55361 117
6110 56279 636
6603 56567 798
5157 55923 351
3657 55131 959
6780 56605 189
5861 56069 463
6963 56724 630
5706 56165 399
7166 56602 126
3599 55103 342
5474 56036 852
6467 56270 693
6183 56210 760
6256 56323 254
3985 55320 468
4708 55704 62
3670 55480 28
4262 55482 298
5067 55751 822
4990 55743 449
4988 55825 592
7137 56566 710
4755 55660 545
6265 56248 568
5109 55892 990
6638 56370 611
5736 55984 784
5700 56245 709
4831 55679 571
7138 56572 560
4396 55829 447
6717 56397 978
3962 55660 608
5054 56191 1000
7427 56751 721
6790 56430 687
6033 56069 264
3657 55131 708
4026 55325 11
5348 55978 257
5326 56002 645
6319 56452 436
6604 56337 510
6256 56323 920
4478 55600 579
7181 56662 705
4872 55944 815
4839 55703 765
7123 56726 354
4363 55537 994
4792 55925 585
5365 55945 929
6284 56310 726
3659 55151 184
3549 55144 979
5043 56187 364
6830 56429 954
7096 56683 515
4630 55623 895
6115 56237 410
7038 56571 214
5729 56598 529
4210 55444 214
6001 56072 112
4177 55688 8
7339 56686 533
5985 56089 716
3606 55182 750
5471 56034 158
4885 55735 937
6117 56272 338
4740 55651 19
4870 55923 21
4895 55708 124
4666 55832 730
5322 56003 989
4323 55884 730
4789 55923 359
6322 56190 925
4299 55827 772
7379 56713 939
6640 56385 745
4548 55565 758
4194 55450 560
5295 55978 293
6377 56243 827
3927 55333 301
6493 56338 387
5796 56274 183
6587 56537 252
4208 55476 92
6044 56090 487
5468 56014 247
6047 56098 145
6751 56368 283
6030 56097 182
3861 55274 885
6666 56371 89
5108 55888 182
5853 56045 590
3607 55155 933
6803 56402 659
6700 56010 78
4238 55455 915
4024 55646 135
5731 56363 989
5170 56063 721
5189 56074 911
3540 55127 766
6141 56210 985
4404 55513 106
4870 55923 317
4751 55646 825
4446 55589 616
5438 56002 517
4976 56046 261
5159 55856 283
6656 56624 973
4496 55544 679
6448 56365 814
4401 55510 689
4471 55617 344
6682 56390 922
4271 55507 698
3558 55123 322
6413 56336 151
4009 55648 863
4428 56189 652
7328 56715 814
4663 55893 795
4507 55564 717
5388 55983 279
5994 56101 98
6620 56368 400
3651 55247 197
5496 55888 290
5376 55987 90
6808 56443 662
5901 56039 537
6267 56279 881
5858 56063 18
5331 55976 213
5441 56017 124
6636 56367 65
4772 55654 712
6639 56385 758
5770 56014 166
4508 55600 689
6321 56449 919
4565 55591 768
4445 55869 470
4289 55856 70
5435 55982 54
3821 55535 202
6288 56192 842
4763 55869 638
6060 56074 530
6497 56329 864
6128 56236 713
5802 56309 238
4377 55828 339
3854 55247 850
4835 55688 854
4870 55923 909
6184 56267 460
4351 55538 680
5399 55956 478
7102 56666 995
5362 56017 305
3775 55207 764
5776 56010 780
3873 55277 548
4613 55591 727
4769 55931 341
4552 55884 199
4095 55497 533
5342 56003 505
5950 56211 128
4411 56164 108
5709 56571 196
4461 55888 571
5974 56314 265
6637 56370 163
6044 56090 286
7152 56660 151
5441 56017 228
3813 55532 715
4479 55592 321
6280 56570 236
3845 55323 553
5850 56042 764
7030 56448 401
3551 55156 323
5142 55825 252
4611 55603 116
7334 56656 486
5701 55949 82
4063 55364 151
7454 56751 943
5436 56015 358
6794 56448 113
6255 56240 994
5391 56000 55
4716 55738 329
6044 56090 706
6510 56486 347
7299 56686 309
4735 55651 722
4497 55564 783
4028 55621 810
6821 56396 100
6123 56217 139
4261 55503 333
4473 55589 162
4015 55624 175
4533 55855 156
6712 56421 105
6795 56425 32
4355 55533 252
7152 56660 863
5452 55957 994
4489 55545 260
5179 55957 68
5741 55980 689
4358 55833 790
4019 55363 659
7255 56597 446
5294 55922 954
4038 55363 459
5874 56039 265
6639 56385 386
4006 55328 9
4983 55836 821
6479 56364 436
5020 55852 967
6718 56398 92
3580 55157 161
5181 56298 352
5209 56002 130
3987 55590 301
7103 56661 934
3832 55289 839
5194 56062 187
7093 56657 438
5776 56010 614
3766 55213 675
6494 56363 765
6673 56419 486
5296 55922 71
4314 55855 494
5412 55981 132
4757 55653 464
7243 56629 814
3551 55156 607
4760 55656 750
5997 56309 526
3687 55269 27
6719 56390 425
6425 56298 589
6398 56356 59
5429 55979 671
7337 56662 671
5983 56310 500
5709 56571 5
4359 55533 192
4399 55811 551
3771 55293 732
6407 56311 450
5984 56337 212
7427 56751 707
4567 55589 175
4460 55533 271
4455 55539 871
6289 56559 163
3658 55152 178
5496 55888 423
3971 55322 784
3668 55478 144
6393 56341 23
6001 56072 256
6476 56358 192
7284 56683 67
4006 55328 444
6305 56563 568
3523 55144 48
7239 56693 934
4718 55750 307
6195 56220 814
7374 56751 3
5437 55973 175
4216 55477 4
4496 55544 259
6817 56455 141
6786 56448 769
4859 55684 137
6813 56419 297
7090 56659 544
5464 56035 569
5188 55803 899
5786 56251 724
4802 55652 260
3879 55244 998
4016 55632 240
4535 55860 962
7450 56722 188
5116 55857 523
6715 56449 878
3693 55208 128
4765 55674 106
6642 56396 847
3950 55680 472
5310 55983 667
6633 56369 980
6430 56299 763
6184 56267 741
4413 55894 489
5202 55824 33
5317 56000 364
3812 55513 733
5406 55955 200
6115 56237 319
6698 56637 101
6384 56363 110
4965 55721 202
4012 55327 94
5998 56087 613
3552 55089 213
3661 55154 46
5010 55748 80
4175 55680 820
5783 56017 393
7160 56599 452
5974 56314 815
6047 56098 12
3929 55335 413
6484 56358 28
7449 56740 852
6323 56189 873
6412 56358 491
3804 55267 128
7141 56565 629
5295 55978 424
3847 55298 506
4729 55626 877
6598 56574 958
6759 56416 805
6372 56341 568
5978 56073 751
4208 55476 878
5120 55895 853
5489 55990 618
6378 56330 597
4759 55649 442
6789 56401 244
4834 55685 100
6801 56487 371
7451 56739 331
4215 55471 20
6669 56413 728
5316 55955 159
3655 55240 475
6796 56453 686
6122 56246 132
6963 56724 942
6299 56478 233
4566 55630 582
7420 56753 13
4778 55706 869
4040 55605 918
3925 55338 833
5957 56210 132
4025 55350 592
4692 55644 989
5295 55978 31
6733 56369 198
7082 56713 883
4032 55333 720
5952 56453 986
4649 55621 41
6287 56221 300
3977 55335 483
4387 55534 707
5439 56045 933
4575 55590 145
5336 55957 89
7277 56748 981
3680 55159 582
4183 55447 67
6297 56218 750
5742 56636 37
6438 56367 981
6621 56366 600
3925 55338 651
4727 55693 926
4197 55479 759
4323 55884 590
4406 55858 186
4443 55539 795
3952 55330 489
3974 55320 112
4462 55600 36
5032 56208 971
6805 56442 898
4664 56192 302
5166 56065 137
7043 56576 566
5854 56035 741
3779 55222 230
4780 55682 498
3679 55158 85
4005 55325 508
3836 55302 720
6679 56401 226
6030 56097 942
6379 56340 808
3823 55534 806
5945 56213 994
5113 55924 873
4970 56039 549
4266 55486 459
5372 55978 466
5057 56209 571
5361 55973 573
4743 55645 268
4706 55705 231
4077 55361 487
5806 56310 866
4975 56037 738
4182 55446 121
5494 55857 172
5139 55866 497
4041 55361 960
6746 56386 433
5377 55957 507
5868 56045 556
5774 56002 297
4973 56042 540
5311 55956 236
7139 56568 636
3793 55214 54
4034 55635 453
5485 56063 969
7027 56448 367
5058 56208 878
6799 56478 142
4196 55478 927
3550 55155 442
5069 56211 173
7130 56568 254
7452 56745 652
4270 55511 126
4559 55597 199
6639 56385 267
4753 55674 128
5865 56067 709
3966 55571 822
6810 56447 516
3869 55273 844
6198 56211 396
4053 55591 40
5163 55889 555
6472 56362 592
4038 55363 211
5454 56015 52
6802 56456 171
5491 56034 548
3667 55186 668
6637 56370 912
4977 56047 744
6806 56419 91
6877 56544 180
4491 55570 4
6594 56272 192
4072 55362 873
7243 56629 587
4833 55679 902
6202 56266 209
6788 56428 699
3752 55236 678
5377 55957 313
4566 55630 109
4088 55451 921
7094 56660 678
4653 55622 428
3838 55588 767
6147 56239 826
6666 56371 25
5057 56209 276
5455 56009 288
7165 56603 488
6206 56245 344
4495 55566 587
5987 56339 859
3682 55244 87
6700 56384 375
4723 56033 181
4562 55570 733
7247 56626 220
5956 56104 506
6832 56426 465
4406 55858 769
4658 55592 911
4975 56037 984
7093 56657 319
3922 55333 476
5290 55862 739
5809 56353 994
7130 56568 878
3945 55648 316
4495 55566 952
7142 56567 595
5028 55836 592
4273 55506 997
6033 56069 45
6678 56401 763
4313 55857 467
5442 55978 370
3666 55159 715
6642 56396 845
3941 55321 237
4225 55455 460
4074 55679 994
5373 56010 296
4641 55947 799
3863 55280 415
4779 55656 458
4757 55653 211
7087 56637 852
5986 56328 262
6049 56091 669
7318 56738 905
4756 55631 384
3823 55534 740
3757 55508 468
3962 55660 834
5713 56686 127
5719 56014 233
7088 56657 981
5801 56328 426
5716 56662 381
5470 56008 829
6529 56535 701
4729 55626 591
6413 56336 766
5798 56326 863
4176 55682 939
4847 55931 675
6785 56487 561
5696 55946 399
5898 56045 835
4575 55590 684
4506 55568 735
3955 55678 562
3840 55574 205
5471 56034 488
3552 55089 46
5712 56602 323
4620 55652 482
6794 56448 906
4302 55531 17
5994 56101 73
6115 56237 12
4999 55721 397
6461 56329 289
4561 55614 595
6688 56412 660
5460 56000 366
4049 55591 197
5069 56211 646
3961 55654 702
3682 55244 703
6584 56568 981
4300 55528 567
4180 55679 622
5898 56045 147
6504 56540 385
3639 55205 535
5018 55734 316
4418 55862 147
6268 56245 491
6792 56432 961
5769 56246 967
5364 56000 182
6186 56246 264
6596 56331 196
3979 55597 306
3818 55532 158
4262 55482 631
4311 55506 691
6036 56093 340
5959 56214 791
3762 55507 852
5296 55922 728
4271 55507 334
4761 55633 468
7129 56569 928
6149 56194 926
7146 56573 265
5317 56000 153
4224 55481 900
5120 55895 885
5114 55883 391
4372 55541 409
4876 55679 595
4873 55926 281
3984 55333 817
4419 55867 392
4419 55867 405
5031 56209 652
4264 55506 557
6012 56101 585
6181 56239 573
5320 55999 788
5767 56245 45
4046 55605 220
5372 55978 368
5158 55913 24
6621 56366 800
4238 55455 448
5394 56001 742
6686 56389 927
6279 56243 648
5426 55987 421
5172 56065 487
4463 55868 877
7294 56739 847
4550 55894 399
4269 55502 521
6137 56270 91
6314 56191 921
5960 56097 320
7169 56628 691
4836 55689 343
5361 55973 700
5192 56066 166
4258 55481 724
4049 55591 209
5327 55979 881
7118 56686 349
6274 56550 323
4731 55656 44
6187 56244 571
5425 56003 214
6414 56306 260
5034 56190 274
6800 56399 967
4832 55680 22
5353 55980 242
6757 56416 45
6512 56567 747
3745 55234 784
5941 56193 940
5772 56003 311
5380 55980 643
4263 55484 774
6051 56093 939
5648 55923 862
4413 55894 253
6590 56273 282
5043 56187 362
4365 55539 662
4201 55443 864
4405 55854 701
4754 55649 999
5482 56017 741
4695 55957 144
3793 55214 196
4700 55709 249
7292 56709 616
4057 55357 194
4499 55572 265
7149 56593 921
6153 56164 317
6425 56298 257
4773 55648 817
6735 56397 640
5146 55831 102
7045 56577 344
4093 55475 31
5851 56075 616
5949 56096 639
4729 55626 486
5861 56069 483
5377 55957 808
5313 55973 91
5384 55984 932
6799 56478 757
6198 56211 12
7339 56686 102
4226 55475 307
4049 55591 642
6052 56092 274
6664 56383 39
4974 56038 109
6006 56105 434
5163 55889 246
4881 55733 558
4482 55617 958
5014 55717 937
5157 55923 291
4796 55924 382
4216 55477 193
3782 55244 656
4279 55508 406
5732 56326 388
4538 55860 884
5423 55958 681
4701 55709 907
4777 55707 805
4762 55888 230
5126 55923 14
5772 56003 602
6637 56370 917
5135 55862 692
4551 55569 894
5483 56017 738
4783 55652 219
3829 5530055570 78
7454 56751 489
7337 56662 327
4555 56189 827
4233 55449 985
4009 55648 592
4654 55659 396
6017 56075 418
5461 56018 527
5478 56014 124
6505 56560 53
3765 55508 121
7454 56751 74
6135 56192 442
5451 56010 472
5706 56165 64
5745 55998 351
7099 56666 371
4366 55536 878
6628 56366 623
4470 55587 119
7041 56569 565
3599 55103 115
7044 56591 943
3945 55648 343
4443 55539 226
4653 55622 467
7280 56709 166
3682 55244 796
4735 55651 497
3833 55290 423
3811 55538 997
5350 56009 800
4319 55507 442
4738 55650 641
5781 56337 877
5034 56190 637
4562 55570 267
5904 56046 46
4852 55689 340
5203 56034 854
4989 55743 391
4570 55623 515
4038 55363 12
4322 55503 634
5885 56036 959
4055 55359 512
3821 55535 89
6388 56309 280
3678 55208 538
5376 55987 247
5189 56074 370
4495 55566 752
3676 55186 51
4062 55383 469
7037 56570 845
5454 56015 745
7029 56455 184
6835 56420 928
5028 55836 107
7052 56539 81
3762 55507 210
6021 56067 228
4037 55631 231
4362 55828 334
5408 56038 347
5716 56662 520
6267 56279 283
4319 55507 478
6119 56181 864
4539 55865 605
5884 56046 268
4393 55944 583
6135 56192 181
4490 55629 259
6148 56209 265
6175 56265 306
4095 55497 649
7028 56449 826
4265 55505 191
5068 55749 514
6134 56244 156
7381 56717 448
5493 56009 834
7041 56569 179
7133 56567 241
5709 56571 760
4999 55721 336
5854 56035 835
6063 56077 544
6013 56074 931
4750 55630 228
4189 55679 924
5741 55980 217
4663 55893 492
3849 55274 593
6837 56442 705
6641 56383 38
5404 56013 549
6744 56399 123
4832 55680 744
4263 55484 456
7248 56630 108
6810 56447 972
7028 56449 384
4258 55481 893
4267 55484 140
5373 56010 235
3782 55244 580
4090 55500 288
6741 56394 459
6782 56602 908
5893 56034 413
4394 55924 892
3817 55277 731
3857 55272 20
4709 55720 24
4630 55623 724
4705 55705 878
7115 56667 389
6809 56454 42
4417 55829 621
4401 55510 863
4505 55603 342
4187 55693 585
4445 55869 191
4317 55480 195
3831 55543 852
5968 56356 215
3698 55501 749
6986 56717 71
5353 55980 369
5880 56042 991
3655 55240 701
7088 56657 950
4077 55361 846
5731 56363 533
5324 55947 897
4787 55863 575
4196 55478 77
4542 55833 489
4069 55365 448
6005 56090 726
4566 55630 331
611 55830 284
3849 55274 316
5742 56636 87
3823 55534 24
4057 55357 573
5482 56017 840
4977 56047 880
5168 56035 528
3813 55532 869
4053 55591 579
6816 56444 120
5985 56089 630
7054 56575 580
4853 55928 801
3931 55350 167
5149 55944 842
3767 55214 368
5400 56308 507
5386 56008 88
5202 55824 459
6461 56329 846
4062 55383 805
6729 56419 472
6705 56636 976
6786 56448 156
3621 55104 440
5648 55923 364
3615 56544 392
6642 56396 95
4091 55498 33
3787 55565 360
4080 55368 240
4072 55362 513
5203 56034 749
5402 55927 63
4541 55882 755
4554 56193 269
3967 55294 333
5008 55744 529
4551 55569 371
4408 55888 430
6588 56536 305
5286 56225 653
3764 55514 924
7089 56661 578
6972 56426 867
6683 56416 470
7057 56593 286
4216 55477 445
4629 55630 471
6145 56266 821
7379 56713 584
7046 56568 274
4206 55471 66
5487 55982 340
4528 55559 914
5160 55895 672
5002 55710 879
3942 55338 942
4370 55534 416
4980 56048 13
5410 56016 574
4184 55450 342
4299 55827 439
4608 55973 675
3789 55269 361
3675 55154 664
4046 55605 409
3971 55322 77
6969 56420 487
4734 55646 996
3788 55246 173
7164 56597 523
3643 55160 683
7144 56564 638
5067 55751 302
4689 55656 51
4618 55600 42
4081 55365 828
5149 55944 128
3875 55364 914
5108 55888 189
4544 55855 546
7378 56715 98
5894 56039 691
4063 55364 18
3833 55290 208
5481 55983 179
6513 56543 618
4278 55505 339
4688 56008 546
6037 56160 403
7261 56603 930
5413 55976 877
5131 55835 388
4741 55704 474
5286 56225 136
4657 55591 450
4762 55888 219
6170 56240 915
4375 55889 317
6483 56341 881
3960 55663 282
6877 56544 865
6124 56211 240
5313 55973 184
3661 55154 272
6254 56268 765
4489 55545 527
5848 56029 736
5800 56279 603
6172 56269 97
6668 56605 24
7255 56597 772
4201 55443 154
6507 56478 259
3784 55269 4
7082 56713 347
6305 56563 945
4083 55443 312
4785 55659 341
3928 55331 301
4039 55648 805
4345 55569 564
6648 56383 261
3850 55293 495
4660 56191 89
6740 56401 302
4206 55471 95
6041 56102 534
3640 55158 478
3855 55268 331
5135 55862 504
5152 56010 655
5881 56038 475
6004 56066 171
6480 56340 67
4196 55478 41
4743 55645 529
3744 55209 792
3922 55333 79
3778 55213 148
4196 55478 525
3676 55186 239
4755 55660 490
4070 55681 702
6166 56181 590
4499 55572 31
6393 56341 877
5184 56352 402
4964 55749 540
5023 55858 751
5483 56017 826
5113 55924 473
4834 55685 449
4361 55831 227
4046 55605 718
3779 55222 96
5977 56098 283
6678 56401 861
3785 55273 173
7039 56572 449
7038 56571 527
3696 55277 789
5772 56003 317
5408 56038 460
7300 56707 381
5022 55827 295
7261 56603 138
7182 56665 712
4971 55747 676
4188 55684 953
4772 55654 973
4290 55527 198
4417 55829 386
4264 55506 974
5468 56014 212
5462 55978 246
5719 56014 758
4368 55559 485
3770 55234 840
4027 55629 583
7107 5678 221
3807 55511 698
4511 55602 459
6683 56416 645
7054 56575 662
5118 55830 928
6973 56741 511
6509 56486 287
5361 55973 750
4458 55536 2
6759 56416 949
4214 55451 735
4202 55445 283
4867 55924 233
5475 56011 283
3942 55338 775
6184 56267 326
4875 55677 748
4504 55571 512
6279 56243 568
4882 55721 679
6736 56366 125
5435 55982 287
6590 56273 556
5409 55957 336
5008 55744 832
5060 56181 814
5770 56014 718
5488 56013 651
5013 55723 228
4619 55599 129
3953 55322 602
7106 56663 381
5848 56029 680
3550 55155 698
5177 56245 446
6715 56449 4
3939 55633 885
6526 56543 350
5022 55827 754
6279 56243 376
6160 56190 931
6430 56299 444
6046 56096 553
5159 55856 354
6284 56310 456
4463 55868 353
5954 56462 680
5297 55913 720
5175 55955 282
6781 56575 955
5807 56329 611
4322 55503 739
5030 55830 363
7083 56710 107
3680 55159 947
4495 55566 224
4494 55569 828
4373 55811 592
4643 55946 240
7385 56710 695
4767 55946 437
4283 55864 921
4240 55455 991
6008 56093 643
4267 55484 639
4795 55889 667
6055 56102 755
7097 56667 311
6986 56717 928
6433 56339 725
4983 55836 877
7029 56455 899
7036 56569 316
5879 56047 72
3735 55209 958
4391 55866 904
5402 55927 675
3590 55201 19
5188 55803 446
7450 56722 785
3780 55240 943
6271 56304 126
4858 55686 112
6520 56541 962
6278 56266 663
6453 56365 650
3551 55156 469
4712 55738 88
4691 55651 19
4410 56187 148
4267 55484 832
5958 56213 671
7259 56603 931
7298 56661 52
3671 55483 591
4529 55563 396
7134 56566 797
4274 55508 43
6816 56444 743
5126 55923 932
5191 56065 831
3777 55210 40
6297 56218 601
6478 56341 21
7081 56684 624
5394 56001 435
4539 55865 684
6731 56385 899
3932 55337 10
4054 55358 829
6465 56279 262
5291 55947 305
6194 56190 714
5851 56075 732
5956 56104 270
4485 55836 665
7374 56751 585
3664 55245 999
7145 56567 795
7057 56593 341
4542 55833 717
5201 55832 692
5013 55723 936
5965 56190 510
7292 56709 125
7241 56606 489
6264 56223 98
5364 56000 573
3788 55246 604
6416 56312 468
7044 56591 700
6142 56219 412
6751 56368 812
5998 56087 446
7254 56625 891
4344 55557 125
6627 56369 496
5119 55836 290
5780 56274 293
5813 56363 380
6267 56279 983
7051 56574 748
4629 55630 491
4553 55584 207
4293 55509 931
6202 56266 880
5984 56337 527
6183 56210 792
6318 56186 695
4047 55352 156
3558 55123 535
7260 56659 759
4576 55592 266
5969 56069 235
6790 56430 591
6678 56401 662
4529 55563 659
6450 56331 340
4996 55720 28
3958 55329 840
6721 56398 268
4386 55540 966
4738 55650 786
3866 55623 759
4351 55538 862
6720 56390 679
3878 55361 328
5150 56329 824
7308 56709 188
3865 55272 556
5003 55715 306
3683 55178 389
6043 56096 777
6641 56383 920
3664 55245 998
5206 56033 349
7380 56753 595
4366 55536 269
6055 56102 8
6680 56420 158
4973 56042 581
4739 55644 817
5389 55953 291
4984 55827 727
3685 55247 950
4052 55589 188
5999 56089 547
6055 56102 957
6297 56218 172
5798 56326 669
7260 56659 588
6836 56443 460
3871 55307 637
4322 55503 208
6295 56536 18
4637 55616 659
5712 56602 838
6832 56426 543
4699 55684 596
7094 56660 461
3751 55234 801
4801 55653 998
6587 56537 688
6133 56246 385
3680 55159 674
7327 56715 942
7336 56656 386
5726 56626 569
4730 55630 723
4863 55688 577
3833 55290 509
6502 56544 67
4534 55863 897
5200 56091 604
4739 55644 525
4649 55621 734
5407 55926 566
5402 55927 440
7029 56455 2
6660 56370 704
4510 55559 270
4260 55478 41
5430 56000 31
4278 55505 658
6426 56334 325
4364 55855 726
4489 55545 116
4265 55505 581
5058 56208 971
4271 55507 784
4892 55738 334
6691 56413 425
5955 56456 913
6783 56284 736
5799 56325 248
5016 55709 964
5170 56063 917
5699 55953 787
4966 55712 891
6032 56067 152
5484 56039 964
6451 56358 127
5779 56338 765
3839 55575 558
6444 56339 485
5954 56462 281
4441 55532 677
5343 55999 673
6509 56486 59
4730 55630 647
4742 55660 366
5729 56598 180
4316 55505 446
3931 55350 111
3696 55277 687
4773 55648 715
5052 55857 185
5445 55987 66
4233 55449 693
6276 56269 318
5032 56208 350
6125 56273 905
4220 55447 992
3659 55151 944
5023 55858 712
3580 55157 491
4997 55738 27
4542 55833 512
5785 56269 410
5007 55710 736
6966 56748 195
4751 55646 863
4889 55709 355
6414 56306 416
7108 56686 317
6381 56353 552
4315 55503 151
4567 55589 226
6264 56223 986
4374 55883 937
6508 56535 118
4222 55444 233
4341 55538 309
5451 56010 166
5697 55944 871
6307 56205 600
7417 56753 419
4199 55481 274
6789 56401 762
6254 56268 690
7084 56624 926
4601 55589 421
4041 55361 123
5315 55978 712
7087 56637 873
7334 56656 866
4365 55539 718
5333 56001 571
6042 56101 163
5798 56326 207
6428 56279 440
5310 55983 668
6377 56243 740
4704 55681 521
4506 55568 267
7127 56566 954
6147 56239 589
7377 56741 545
5044 56186 728
3816 55272 517
6496 56363 270
4534 55863 220
6316 56483 405
5175 55955 380
4277 55506 640
6427 56328 166
6509 56486 813
6207 56239 653
6581 56540 765
6301 56543 301
6813 56419 145
4084 55447 434
5008 55744 546
6430 56299 592
4386 55540 260
3664 55245 720
4741 55704 314
5785 56269 965
7304 56745 472
6177 56268 131
5448 56013 487
3643 55160 994
4998 55722 866
5796 562 965
5312 56001 669
5360 55983 466
5284 55866 975
5051 56214 825
5401 55949 316
6621 56366 224
4011 55635 171
6277 56273 931
6730 56425 560
7143 56572 657
5710 56658 144
4688 56008 219
4321 55504 5
6125 56273 424
4756 55631 80
3587 55182 420
6668 56605 361
5349 55929 206
6133 56246 914
6035 56076 697
3643 55160 718
5337 55987 804
4466 55857 386
5325 55980 288
6483 56341 849
5893 56034 189
7160 56599 291
5475 56011 533
5351 55952 609
5345 56010 338
5287 55952 371
4005 55325 782
7127 56566 947
4866 55895 792
4209 55478 941
6932 56397 536
5346 55955 370
6968 56443 412
4471 55617 553
6783 56284 52
5847 56037 882
6289 56559 328
4224 55481 274
6719 56390 739
6154 56237 691
5390 56002 758
4294 55500 573
4612 55590 550
4480 55591 341
6783 56284 124
6456 56339 112
5392 56010 23
6659 56607 512
3537 55116 989
4798 55672 785
3647 55181 17
6839 56425 516
4717 55742 379
5049 56103 615
4551 55569 403
4389 55539 720
3862 55276 679
4892 55738 322
3767 55214 755
4408 55888 275
7031 56449 80
5350 56009 60
6061 56076 402
4561 55614 28
4293 55509 708
6395 56354 19
4569 55631 558
6636 56367 112
4219 55480 809
4231 55444 673
4970 56039 40
7248 56630 795
3651 55247 629
7454 56751 990
7417 56753 659
4566 55630 362
5904 56046 933
3846 55327 39
7043 56576 905
3662 55155 981
6192 56269 20
4736 55631 918
4565 55591 578
4778 55706 637
3755 55504 796
5790 56271 918
5766 56248 823
6747 56388 575
5361 55973 199
3927 55333 646
4487 55866 106
6686 56389 808
4602 55644 40
5496 55888 31
6732 56370 463
7315 56685 789
5126 55923 872
6736 56366 345
5856 56090 85
7241 56606 220
5790 56271 777
7169 56628 348
6498 56565 24
7095 56625 512
5414 56014 469
5694 56213 319
7032 56471 846
5164 56067 658
6311 56447 314
4068 55445 282
5877 56041 791
5302 55896 395
4730 55630 613
4973 56042 51
6785 56487 915
6415 56310 945
5792 56269 936
6495 56339 74
4053 55591 345
4688 56008 940
6985 56472 92
4893 55709 294
7047 56572 283
7043 56576 570
5495 55896 25
5313 55973 456
6172 56269 962
3665 55247 704
6692 56390 349
3866 55623 46
6261 56219 455
4426 56105 542
6670 56389 233
6452 56366 953
5343 55999 889
6273 56243 631
5958 56213 463
6754 56414 46
6727 56369 194
3978 55330 349
4636 55945 802
4666 55832 160
4237 55478 468
4389 55539 231
3682 55244 630
4353 55532 752
6679 56401 935
4750 55630 450
4182 55446 225
4752 55653 661
5207 56018 583
5883 56033 34
5341 55931 317
5183 55976 186
5387 56009 372
4546 55835 566
4240 55455 175
6710 56416 793
4615 55618 993
4808 55705 106
6459 56273 889
6117 56272 350
5142 55825 410
4419 55867 516
3809 55533 575
4536 55857 48
4540 55863 324
5768 56017 649
6746 56386 402
3868 55360 876
5109 55892 807
5054 56191 660
5159 55856 526
6829 56453 960
5309 55929 861
4652 55672 249
6756 56426 338
6274 56550 246
3922 55333 156
6307 56205 532
5729 56598 877
5425 56003 917
6478 56341 420
4837 55707 604
5888 56041 590
4857 55711 2
5183 55976 745
7095 56625 366
6785 56487 74
6277 56273 145
4058 55358 350
6591 56535 502
7453 56749 886
4987 55746 772
5350 56009 680
5407 55926 756
3666 55159 508
5185 55978 400
5375 55973 993
6618 56401 256
4234 55478 432
6284 56310 112
6877 56544 917
6262 56267 691
7245 56636 963
5293 55953 623
6388 56309 142
3551 55156 220
6411 56331 776
5382 55982 23
6382 56365 985
4236 55479 438
4051 55337 5
3937 55352 24
4223 55451 297
4643 55946 803
6481 56363 385
4808 55705 803
6641 56383 522
3781 55243 750
7104 56711 423
4463 55868 633
4196 55478 210
4427 56107 281
6516 56571 269
5301 55987 380
4992 55723 664
7049 56570 39
3945 55648 663
5706 56165 2
6064 56097 983
6130 56214 507
4057 55357 13
6519 56566 264
5404 56013 92
5018 55734 840
4863 55688 442
5004 55711 795
5791 56255 516
7087 56637 210
5698 55947 409
7449 56740 399
4280 55503 423
5810 56358 369
6831 56426 726
7183 56658 298
6042 56101 713
4214 55451 203
4886 55737 867
4350 55556 667
5121 55856 633
4220 55447 116
6117 56272 224
5370 56003 580
6147 56239 20
4712 55738 914
4008 55356 529
5880 56042 161
4374 55883 392
4795 55889 449
5736 55984 912
6708 56452 178
4054 55358 122
5450 55986 173
5008 55744 238
5739 55976 951
3869 55273 325
4232 55447 999
3858 55273 572
5401 55949 193
4743 55645 686
6026 56071 366
5973 56067 462
3962 55660 285
4714 56041 435
7446 56722 983
4323 55884 464
4382 55742 356
4995 55739 116
4833 55679 555
5376 55987 240
4757 55653 171
6133 56246 405
6490 56330 389
6042 56101 21
4239 55458 624
4365 55539 132
6421 56274 403
6273 56243 132
5154 55864 642
4970 56039 960
6529 56535 115
6673 56419 720
4705 55705 838
7059 56592 178
7134 56566 256
4211 55446 625
5460 56000 621
6464 56309 462
6375 56323 763
5950 56211 810
5291 55947 21
4877 55707 262
4999 55721 804
6182 56190 448
3948 55331 345
7105 56740 509
5397 55944 245
5470 56008 805
4482 55617 692
5425 56003 772
6837 56442 771
5491 56034 839
3668 55478 361
7380 56753 191
3791 55501 789
4418 55862 371
3818 55532 810
4393 55944 391
4841 55895 247
4628 55646 96
4901 55711 558
5485 56063 153
6497 56329 958
5300 55982 977
6449 56356 726
5902 56042 580
6207 56239 316
6291 56209 445
7292 56709 126
6827 56428 411
4274 55508 434
5989 56312 521
7039 56572 590
4446 55589 737
3606 55182 443
7420 56753 634
3966 55571 813
4541 55882 577
4764 55646 743
3926 55327 381
3536 55098 964
6455 56370 864
5862 56045 163
6684 56412 608
4693 55632 44
4227 55481 63
6179 56221 243
4606 56223 558
3770 55234 34
3564 55146 352
6598 56574 34
3825 55533 383
7339 56686 448
3836 55302 183
4036 55330 949
3860 55269 409
3965 55302 216
5708 56605 618
6010 56097 86
4424 55532 131
6508 56535 636
3773 55240 919
6150 56187 947
6804 56447 158
7027 56448 13
4033 55332 980
6167 56189 309
4783 55652 72
4345 55569 144
4659 55587 116
3606 55182 94
6409 56306 611
5777 56280 170
4763 55869 112
4389 55539 611
3814 55535 850
5326 56002 483
5469 56037 975
4861 55710 511
4715 55653 662
4084 55447 852
3963 55659 289
5008 55744 619
4049 55591 395
7088 56657 630
6623 56367 682
7338 56669 484
3586 55181 708
5742 56636 806
5343 55999 119
4392 55833 900
5483 56017 292
6675 56415 940
5370 56003 153
5454 56015 422
4219 55480 972
4502 55569 425
3871 55307 801
5472 55976 313
6129 56301 352
6717 56397 379
4227 55481 313
7113 56711 166
3787 55565 953
5175 55955 868
4185 55469 847
4391 55866 116
7134 56566 8
6198 56211 964
5349 55929 676
3667 55186 320
6136 56206 463
6592 56535 602
6797 56426 267
6280 56570 320
4552 55884 802
3983 55603 188
5156 55925 713
6137 56270 669
3579 55156 983
3785 55273 314
5849 56033 755
7376 56749 69
6281 56295 247
4974 56038 204
5878 56033 75
3983 55603 22
4639 55944 32
4627 55626 981
4412 55912 905
5714 56660 82
6279 56243 578
4405 55854 712
4843 55860 932
4425 55864 218
5810 56358 947
6168 56187 444
7096 56683 493
5433 55981 687
6023 56069 384
6283 56239 361
5707 56217 801
4603 55999 62
5133 55860 745
3864 55649 684
6273 56243 872
6605 56565 872
7377 56741 849
5319 55953 303
5179 55957 163
5656 55940 637
5109 55892 141
6061 56076 526
7454 56751 980
7097 56667 796
4039 55648 10
5723 56597 269
6022 56076 927
4710 55707 167
6582 56274 694
5973 56067 865
6624 56385 668
4868 55895 231
5026 55855 924
7110 56746 391
5883 56033 644
4088 55451 5
6272 56325 816
6112 56191 107
7146 56573 904
4731 55656 164
6293 56561 9
5960 56097 461
4300 55528 39
6293 56561 224
4390 55948 498
4492 55565 597
6664 56383 396
4319 55507 364
4786 55651 704
4033 55332 746
6454 56336 517
5946 56101 534
5737 56381 835
5455 56009 809
4202 55445 554
6187 562 717
5126 55923 821
5707 56217 9
5434 56033 923
5693 56246 717
5132 55858 883
4390 55948 983
4482 55617 194
4639 55944 919
6017 56075 146
5392 56010 15
6125 56273 261
4713 56044 608
4222 55444 248
3967 55294 669
6393 56341 617
6279 56243 998
3647 55181 45
4541 55882 95
5057 56209 912
5319 55953 144
4622 55629 692
6740 56401 714
6168 56187 669
4280 55503 716
4610 55621 937
5197 55828 281
6450 56331 152
5026 55855 782
6724 56416 644
3800 55486 326
5771 56011 735
4775 55708 194
4440 55539 748
6113 56219 964
5385 55960 281
6788 56428 734
5715 56657 4
5339 55922 836
5967 56063 370
6986 56717 70
5422 55986 414
3864 55649 56
4370 55534 605
3981 55603 562
6177 56268 58
6260 56568 70
4179 55684 365
5199 56067 683
5340 56011 970
6056 56092 193
4667 55868 942
4837 55707 873
4753 55674 473
4743 55645 861
6745 56425 902
4633 55620 659
5034 56190 849
4628 55646 203
4983 55836 924
6981 56443 427
5490 56003 431
5358 56016 840
4691 55651 848
3939 55633 872
4368 55559 312
6738 56424 302
3792 55212 877
5395 56003 503
6742 56415 160
5409 55957 613
4309 55528 906
6060 56074 404
7445 56720 578
3960 55663 702
4749 55633 450
7169 56628 161
5039 56220 753
5488 56013 297
5475 56011 635
4037 55631 915
3854 55247 82
5164 56067 746
4042 55626 901
6680 56420 213
3674 55153 801
6471 56309 99
6428 56279 434
4689 55656 642
6642 56396 166
7092 56683 813
3856 55269 526
3825 55533 756
6168 56187 441
7451 56739 763
4704 55681 232
4263 55484 222
5372 55978 72
4624 55654 950
5808 56325 677
4529 55563 250
3641 55159 36
5369 56272 961
3812 55513 910
5885 56036 70
6270 56273 587
4444 55538 380
3803 55513 171
6620 56368 28
5033 56244 772
5387 56009 91
5470 56008 229
4186 55691 946
4840 55690 417
4699 55684 327
4414 55882 81
4485 55836 299
 56014 284
5472 55976 163
5053 56213 417
3820 55542 738
6004 56066 237
3861 55274 733
6136 56206 273
6180 56301 682
4208 55476 242
5897 56042 884
6372 56341 973
5793 56337 178
4955 55750 349
4719 55736 777
7099 56666 344
3940 55327 786
6756 56426 351
4690 55653 565
5449 56030 492
6305 56563 932
5853 56045 34
5343 55999 413
3752 55236 152
4753 55674 946
3589 55186 80
7111 56741 291
3690 55182 384
3537 55116 373
6287 56221 128
5809 56353 140
4607 56248 268
7166 56602 245
6297 56218 909
6659 56607 479
4419 55867 263
4953 55749 774
7163 56593 650
7092 56683 115
3967 55294 644
5773 56009 107
7300 56707 81
7307 56720 791
5441 56017 445
6725 56390 690
6028 56102 554
4401 55510 561
4605 55971 456
6741 56394 293
4850 55929 281
4708 55704 209
7148 56591 358
5008 55744 408
3753 55486 789
4574 55621 782
4468 55894 77
6064 56097 449
4231 55444 548
4006 55328 501
6051 56093 898
4718 55750 847
6593 56270 52
4018 55622 685
6180 56301 120
4729 55626 641
3970 55296 329
6986 56717 285
6754 56414 309
5421 55980 89
6002 56104 606
7040 56574 58
5194 56062 354
5808 56325 527
7456 56727 339
6676 56389 742
4555 56189 293
5484 56039 492
7041 56569 202
6007 56066 181
6630 56358 471
5448 56013 338
5333 56001 635
5112 55895 381
6832 56426 941
5199 56067 641
6151 56265 173
6711 56388 934
4975 56037 218
5177 56245 828
5142 55825 566
5340 56011 763
5459 56035 172
5196 55831 847
6194 56190 139
6184 56267 459
5047 55833 18
6154 56237 258
6402 56334 578
7246 56625 336
5739 55976 745
6519 56566 627
5112 55895 379
4398 55946 374
3835 55570 847
5131 55835 249
6506 56564 690
4017 55329 779
6972 56426 99
5492 56010 190
7152 56660 880
5039 56220 321
5437 55973 758
6661 56366 744
4654 55659 195
6414 56306 530
6393 56341 279
5404 56013 597
5961 56460 388
4889 55709 402
3962 55660 821
3828 55539 189
5887 56035 650
5729 56598 628
5851 56075 975
6829 56453 312
6586 56485 884
6163 56219 768
6391 56329 511
3599 55103 5
6277 56273 698
4803 55734 403
6155 56245 716
5800 56279 70
3872 55382 14
5768 56017 700
5348 55978 428
5149 55944 804
6702 56381 532
6509 56486 343
4639 55944 692
4732 55648 162
4192 55469 708
6279 56243 981
6186 56246 400
5725 56625 535
3578 55154 190
5898 56045 12
6412 56358 427
4054 55358 308
3552 55089 827
4527 55590 175
5125 55863 791
4310 55508 99
7091 56658 414
4440 55539 611
6717 56397 52
4263 55484 894
6423 56313 757
5949 56096 777
5981 56340 230
5427 56001 366
6147 56239 712
3766 55213 114
5114 55883 577
5171 56038 609
4731 55656 961
7140 56569 683
4479 55592 812
5854 56035 88
4409 55883 149
6430 56299 734
6052 56092 718
6702 56381 188
7124 56720 906
5904 56046 361
5376 55987 856
6741 56394 878
6016 56073 724
7130 56568 761
7381 56717 839
4297 55806 104
6817 56455 807
4276 55505 845
7414 56748 139
5813 56363 31
4804 55679 260
6832 56426 453
4055 55359 434
5738 56002 292
5798 56326 617
7448 56739 572
3580 55157 137
7338 56669 406
6422 56328 789
6494 56363 164
4280 55503 786
4214 55451 918
5471 56034 7
4576 55592 646
5200 56091 936
6732 56370 345
5774 56002 921
7088 56657 680
4415 55831 674
5800 56279 703
6265 56248 352
6397 56365 529
4424 55532 34
4508 55600 812
6734 56386 738
6689 56396 180
4371 55830 637
4357 55829 213
6024 56088 249
4292 55532 140
6742 56415 486
5860 56046 133
7318 56738 129
6728 56426 858
4775 55708 102
5726 56626 353
6320 56453 167
5779 56338 286
7262 56682 439
4622 55629 13
4034 55635 707
6730 56425 797
5115 55885 881
6687 56602 454
5305 55984 324
7334 56656 343
4068 55445 953
4555 56189 723
7393 56749 947
3848 55647 884
4735 55651 282
3978 55330 877
5465 55988 989
7260 56659 746
3605 55156 495
5054 56191 335
6167 56189 867
6026 56071 793
3659 55151 138
6139 56192 270
3680 55159 960
4352 55533 954
7046 56568 971
6180 56301 43
6716 56401 795
5040 56243 980
4349 55803 294
3787 55565 948
6802 56456 699
5470 56008 889
5701 55949 699
4667 55868 343
4404 55513 481
5400 56308 667
4642 55926 398
5791 56255 183
4348 55559 429
7114 56748 439
4770 55928 60
5315 55978 322
6706 56385 801
4689 55656 903
7159 56603 807
5370 56003 458
5739 55976 459
5176 56221 678
3858 55273 104
5015 55707 175
4451 55537 545
3760 55268 423
6192 56269 329
3701 55540 436
4462 55600 469
7043 56576 664
6646 56389 741
4009 55648 329
6972 56426 984
6827 56428 310
5111 55840 678
4260 55478 585
6986 56717 309
6789 56401 370
7103 56661 651
4261 55503 792
6604 56337 463
5107 55940 197
6369 56217 153
5487 55982 875
7337 56662 397
4754 55649 670
6780 56605 56
4838 55686 963
7054 56575 55
5372 55978 344
5372 55978 225
5390 56002 272
4020 55332 973
6169 56193 988
6184 56267 714
6287 56221 794
6307 56205 859
4029 55618 601
5720 56602 917
6516 56571 854
6508 56535 945
4556 55912 272
5194 56062 821
4886 55737 325
4767 55946 858
4566 55630 243
6660 56370 789
5787 56254 394
6178 56213 996
5009 55707 11
5494 55857 423
7164 56597 46
7032 56471 67
7256 56658 652
5876 56042 708
4875 55677 321
5383 56013 400
4466 55857 758
6385 56356 811
6685 56412 790
6374 56326 609
3754 55488 305
3927 55333 213
4307 55531 769
5884 56046 357
6879 56539 547
5344 55924 616
7044 56591 452
5447 55958 206
5148 56220 234
6457 56330 76
7038 56571 413
5304 55925 376
4029 55618 558
4204 55470 745
6681 56419 466
4625 55632 460
6389 56270 145
6780 56605 638
4654 55659 669
4022 55352 516
4307 55531 294
7184 56629 641
7298 56661 705
4771 55925 325
4273 55506 530
7115 56667 141
6931 56388 211
5193 56066 214
3754 55488 450
6150 56187 602
6744 56399 518
6590 56273 591
6606 56304 86
4771 55925 628
7099 56666 375
5046 56243 760
5031 56209 500
3762 55507 430
5040 56243 97
4070 55681 68
5866 56035 718
6964 56748 667
5293 55953 187
5383 56013 888
6963 56724 918
3814 55535 726
4016 55632 980
6194 56190 616
4047 55352 28
6687 56602 295
4693 55632 430
4657 55591 739
4364 55855 465
6703 56636 193
3680 55159 343
7143 56572 794
4988 55825 537
4424 55532 225
5467 55973 209
4998 55722 521
4212 55447 320
6295 56536 142
4765 55674 435
4309 55528 687
6194 56190 784
4977 56047 211
6056 56092 236
6374 56326 871
6657 56366 623
3925 55338 383
3827 55565 36
6728 56426 520
4500 55543 203
6388 56309 838
5876 56042 886
5870 56065 571
6747 56388 83
6298 56208 458
4235 55451 309
6756 56426 286
6968 56443 645
5166 56065 453
6839 56425 200
4791 55889 38
5314 55952 581
3670 55480 520
6142 56219 38
4088 55451 900
4661 55614 763
7308 56709 369
6809 56454 995
3966 55571 341
5880 56042 255
6148 56209 800
5475 56011 429
4301 55810 613
6585 56479 475
4193 55476 659
6131 56211 146
3974 55320 742
4741 55704 916
3578 55154 579
5367 55986 41
3671 55483 296
5191 56065 787
3850 55293 438
5314 55952 777
6637 56370 683
6465 56279 290
5107 55940 926
6592 56535 916
4419 55867 51
6801 56487 198
4260 55478 273
4222 55444 432
3551 55156 592
4388 55536 527
4874 55673 504
6413 56336 86
7159 56603 657
5850 56042 815
6489 56329 897
5155 55946 398
5111 55840 102
5423 55958 516
4606 56223 877
5982 56074 679
7137 56566 672
6040 56101 252
7331 56658 209
6117 56272 859
7448 56739 884
3830 55574 19
5724 56364 741
5122 55841 680
5011 55739 696
5780 56274 555
5017 55715 334
4666 55832 155
6685 56412 637
3642 55177 598
6264 56223 705
4389 55539 576
5873 56035 242
5114 55883 42
5323 55957 81
3971 55322 871
5975 56334 5
6268 56245 641
3961 55654 773
5898 56045 25
6403 56357 232
4304 55506 110
5139 55866 860
4024 55646 956
5337 55987 568
3760 55268 564
6688 56412 558
6687 56602 962
4495 55566 24
6291 56209 366
3839 55575 406
4882 55721 951
7454 56751 682
3959 55679 383
5377 55957 124
5376 55987 500
6438 56367 857
3678 55208 658
6149 56194 996
6968 56443 359
4391 55866 193
5450 55986 839
4276 55505 737
4838 55686 428
6289 56559 559
4637 55616 729
4033 55332 950
6165 56208 570
6265 56248 635
4405 55854 49
6132 56267 37
6146 56265 518
3615 56544 579
4778 55706 725
5495 55896 928
4725 55711 624
5994 56101 908
6790 56430 92
6596 56331 409
4886 55737 869
3665 55247 818
5403 55979 766
3648 55131 160
7081 56684 566
5452 55957 884
5972 56334 199
4631 55617 977
3866 55623 725
5347 56008 123
5460 56000 305
6972 56426 784
4007 55327 888
4389 55539 405
4858 55686 983
4806 55688 124
7165 56603 712
6291 56209 908
4088 55451 426
4014 55630 348
5479 56016 14
5004 55711 472
4800 55674 996
5394 56001 471
5943 56218 741
6256 56323 479
3639 55205 811
7056 56577 575
5897 56042 486
6189 56237 606
4754 55649 268
4062 55383 972
5162 55893 229
3787 55565 805
6180 56301 725
6161 56238 750
6932 56397 437
5871 56041 186
6323 56189 956
4011 55635 315
7385 56710 178
3758 55506 583
6739 56393 420
6319 56452 37
6436 56363 229
3549 55144 846
6881 56540 59
5373 56010 654
7034 56564 516
4481 55630 596
5373 56010 660
4727 55693 354
6113 56219 801
4004 55321 554
6676 56389 912
6015 56096 443
6289 56559 219
4290 55527 386
7117 56685 871
3804 55267 832
7452 56745 165
7280 56709 915
7338 56669 929
4446 55589 143
5290 55862 868
6753 56399 164
7056 56577 36
4757 55653 850
4763 55869 327
4758 55682 171
6738 56424 480
4045 55622 257
4371 55830 666
6705 56636 821
6423 56313 536
4601 55589 874
3816 55272 608
4662 55590 187
4751 55646 852
6585 56479 264
5152 56010 191
3984 55333 650
4175 55680 500
4637 55616 955
5025 55836 828
6505 56560 432
3655 55240 695
5033 56244 603
5437 55973 186
7336 56656 797
4629 55630 209
6687 56602 444
5130 55835 879
5286 56225 541
5140 55836 692
4839 55703 654
6290 56238 149
6456 56339 520
4886 55737 706
6409 56306 353
4665 56209 253
5302 55896 353
3823 55534 761
5856 56090 233
4411 56164 520
6279 56243 970
7097 56667 323
5414 56014 198
7051 56574 520
6782 56602 386
3790 55208 755
4650 55648 862
4042 55626 864
4052 55589 534
6741 56394 245
4643 55946 77
3699 55517 866
7453 56749 437
4867 55924 567
6688 56412 292
7242 56628 262
7057 56593 609
3950 55680 402
6737 56365 140
4538 55860 479
4205 55454 139
6276 56269 739
6296 56219 5
7106 56663 547
4771 55925 960
5344 55924 409
6389 56270 856
7099 56666 97
3611 55128 454
6584 56568 479
6701 56367 649
4212 55447 288
5289 55893 818
5192 56066 232
5150 56329 126
6806 56419 915
4691 55651 274
5211 56002 307
4233 55449 142
6016 56073 187
4261 55503 388
6697 56419 320
6259 56565 535
3975 55321 46
3868 55360 486
7084 56624 429
5738 56002 352
4278 55505 48
5418 56037 581
6621 56366 868
4550 55894 718
4229 55501 379
7241 56606 535
5720 56602 62
7262 56682 589
4633 55620 94
4749 55633 631
5449 56030 470
4350 55556 514
4868 55895 101
4729 55626 609
6688 56412 4
3786 55563 642
7456 56727 589
5369 56272 524
6372 56341 50
5321 55945 672
3696 55277 80
6044 56090 540
5703 56190 161
5364 56000 930
6048 56072 706
4805 55715 39
6057 56099 538
5704 56187 963
4301 55810 897
6832 56426 323
3928 55331 222
5429 55979 986
6780 56605 293
4661 55614 359
6931 56388 509
5195 56048 261
7035 56568 167
6299 56478 805
5351 55952 801
3818 55532 469
4242 55476 118
4287 55483 131
5117 55925 872
5063 55831 493
6705 56636 562
5364 56000 871
6645 56398 644
7307 56720 8
5320 55999 464
4953 55749 893
5136 55836 944
6374 56326 898
4204 55470 573
4791 55889 299
4404 55513 29
7141 56565 308
4184 55450 796
5853 56045 744
6436 56363 797
4603 55999 58
6020 56087 130
4499 55572 95
5442 55978 37
7030 56448 311
4291 55525 320
7134 56566 771
4066 55444 751
3587 55182 996
7138 56572 370
4284 55863 284
4216 55477 127
4712 55738 390
5441 56017 444
5148 56220 134
6318 56186 674
6167 56189 904
4633 55620 104
6598 56574 671
7139 56568 202
5469 56037 766
6173 56238 392
7262 56682 453
6630 56358 691
5997 56309 37
6183 56210 150
4545 55567 165
6676 56389 994
4388 55536 492
4417 55829 768
4997 55738 422
4773 55648 773
3551 55156 817
6000 56102 177
7253 56598 412
4064 55366 705
6931 56388 970
5891 560356603 78
4872 55944 656
4565 55591 237
5349 55929 355
6734 56386 394
7099 56666 150
5115 55885 562
6712 56421 180
4341 55538 842
6040 56101 729
6751 56368 19
4400 55509 387
4025 55350 915
4447 55542 707
6504 56540 397
6785 56487 529
5397 55944 240
6474 56362 141
7294 56739 275
7118 56686 343
5057 56209 517
7118 56686 673
4011 55635 845
7449 56740 576
6753 56399 152
5186 55987 188
4407 55884 453
4537 55806 957
4602 55644 637
3855 55268 450
4362 55828 62
3695 55212 756
4077 55361 228
6450 56331 261
6828 56430 379
5289 55893 271
5475 56011 451
4086 55446 600
6381 56353 81
4392 55833 329
3785 55273 632
5414 56014 40
5296 55922 616
5700 56245 934
5363 55956 711
5005 55751 629
5162 55893 663
7246 56625 229
7238 56660 389
4609 56251 260
6825 56717 84
3661 55154 490
5035 55829 587
7033 56565 605
6664 56383 299
5809 56353 92
4620 55652 383
4723 56033 922
3872 55382 592
6796 56453 813
6376 56269 972
5181 56298 131
5490 56003 785
6626 56330 648
6393 56341 822
6391 56329 204
4562 55570 571
3671 55483 918
6049 56091 812
6057 56099 466
4468 55894 374
4352 55533 867
4046 55605 12
5699 55953 304
5966 56101 46
4284 55863 867
5786 56251 283
7414 56748 477
4777 55707 731
6303 56539 402
6020 56087 214
5797 56273 689
4350 55556 769
7095 56625 839
5450 55986 76
4702 55618 443
4058 55358 786
5902 56042 340
5016 55709 155
3787 55565 536
5003 55715 384
6826 56449 282
6267 56279 197
3846 55327 333
4363 55537 99
6175 56265 663
5403 55979 948
4444 55538 354
4035 55383 499
5208 56008 738
6409 56306 189
4201 55443 939
6717 56397 127
5961 56460 929
6261 56219 430
4187 55693 966
4461 55888 995
4375 55889 242
6284 56310 657
6750 56367 501
5359 55953 940
6014 56072 296
5167 56066 617
5341 55931 457
7120 56720 773
5803 56272 741
6674 56416 739
7326 56710 262
5351 55952 684
3879 55244 948
7054 56575 154
4299 55827 812
6392 56331 307
6283 56239 648
4705 55705 983
3983 55603 872
5486 56030 146
4742 55660 481
6262 56267 953
4622 55629 363
3931 55350 202
5321 55945 945
6584 56568 858
5476 55986 679
7247 56626 322
4065 55368 163
6880 56543 518
3929 55335 866
6478 56341 521
4035 55383 209
4011 55635 638
6746 56386 720
4780 55682 897
5177 56245 637
6983 56447 522
6113 56219 618
4772 55654 571
7294 56739 979
3820 55542 786
5200 56091 564
6429 56274 438
4547 55893 762
3869 55273 984
4645 55623 138
6648 56383 362
6375 56323 244
6976 56448 261
4721 55709 131
3599 55103 351
6591 56535 927
6645 56398 352
4359 55533 222
6709 56429 332
5700 56245 678
6163 56219 256
5205 56040 952
5051 56214 743
5710 56658 209
5701 55949 219
5372 55978 718
4218 55479 154
6302 56565 994
5355 56009 269
758 55682 346
6704 56388 855
4699 55684 714
6497 56329 615
4407 55884 40
6817 56455 411
6173 56238 873
3831 55543 685
7336 56656 887
6153 56164 832
7414 56748 753
4530 55564 624
6835 56420 339
5356 55979 898
4320 55894 3
4299 55827 143
7149 56593 943
6504 56540 615
6673 56419 542
4456 55537 828
3873 55277 998
7099 56666 224
4181 55685 671
6410 56336 350
6620 56368 745
4185 55469 671
6323 56189 209
5163 55889 6
4295 55858 872
6055 56102 419
6829 56453 879
6054 56089 882
5168 56035 240
4267 55484 98
5178 56246 532
4077 55361 996
3972 55297 828
5870 56065 982
5803 56272 228
5367 55986 412
3963 55659 33
5447 55958 544
6692 56390 506
4371 55830 657
6032 56067 385
4697 55660 470
5287 55952 157
4723 56033 761
4482 55617 832
5900 56043 912
6417 56308 820
4545 55567 621
7145 56567 929
6140 56189 697
3537 55116 404
7238 56660 73
3952 55330 500
5472 55976 202
6661 56366 893
6053 56091 424
4489 55545 621
4277 55506 304
5320 55999 681
4094 55481 854
6657 56366 619
5049 56103 397
7294 56739 369
5321 55945 55
3650 55244 137
4718 55750 449
4220 55447 215
7282 56660 776
3692 55186 863
5411 55953 816
6444 56339 641
6310 56455 453
3845 55323 907
6599 56567 872
4296 55499 855
5888 56041 403
6457 56330 566
4687 56338 484
5068 55749 18
6726 56394 743
7137 56566 592
6201 56186 852
4683 55924 848
3968 55590 840
4537 55806 429
6421 56274 97
3789 55269 212
3763 55508 588
6674 56416 475
5131 55835 22
5373 56010 96
4180 55679 42
6617 56365 904
5375 55973 467
5770 56014 683
4488 55571 254
6505 56560 724
6013 56074 450
4563 55617 757
3945 55648 6
5483 56017 25
5718 56693 233
3844 55321 432
4960 55747 632
3809 55533 882
4840 55690 342
4537 55806 450
4574 55621 254
3701 55540 869
4652 55672 515
4621 55603 190
6132 56267 372
4502 55569 174
4566 55630 288
4175 55680 207
4420 55883 590
4786 55651 412
4766 55677 300
3817 55277 919
5167 56066 692
5038 56235 384
6264 56223 806
6641 56383 337
4372 55541 810
4221 55443 170
4665 56209 156
4691 55651 358
5905 56065 41
3845 55323 285
3657 55131 233
6155 56245 718
5383 56013 58
6697 56419 331
4882 55721 472
4662 55590 309
5062 55803 224
4563 55617 716
5390 56002 410
4738 55650 920
5023 55858 620
5767 56245 259
5470 56008 6
7105 56740 157
7155 56629 545
5146 55831 339
5362 56017 158
6191 56248 932
3854 55247 511
6117 56272 874
6628 56366 791
3 56447 841
5018 55734 365
4318 55508 184
4463 55868 167
3537 55116 401
5351 55952 509
3966 55571 344
4869 55896 339
4635 55615 491
4852 55689 635
5024 55854 363
3931 55350 156
7105 56740 106
5169 56045 472
4875 55677 514
4707 55653 990
7340 56726 260
5846 56017 983
3986 55329 554
5208 56008 59
5386 56008 421
4457 55858 943
6378 56330 105
5424 56033 445
4383 55881 376
5013 55723 133
6289 56559 80
6660 56370 603
6385 56356 950
4736 55631 308
6257 56274 306
4805 55715 506
5212 56016 265
3940 55327 852
4453 55535 537
5289 55893 893
6737 56365 86
6687 56602 679
5317 56000 31
4192 55469 867
6716 56401 695
6161 56238 704
5982 56074 23
7057 56593 202
6022 56076 384
6459 56273 954
5767 56245 771
5793 56337 460
6473 56363 596
4646 55622 473
4031 55604 709
3939 55633 584
6414 56306 923
4708 55704 278
3822 55544 914
4990 55743 362
6981 56443 231
5771 56011 421
7160 56599 396
7085 56625 591
3945 55648 639
4039 55648 831
5966 56101 446
4866 55895 415
6512 56567 848
4757 55653 343
6145 56266 804
6421 56274 513
6584 56568 401
6165 56208 62
4490 55629 420
4966 55712 100
7131 56570 588
5876 56042 392
5340 56011 395
6298 56208 339
5004 55711 674
4032 55333 840
5052 55857 475
4788 55889 390
6443 56367 722
5038 56235 878
4861 55710 128
5855 56088 408
4778 55706 124
4263 55484 230
3979 55597 279
4482 55617 824
5120 55895 765
3656 55241 809
6119 56181 533
4485 55836 887
6685 56412 530
7138 56572 108
4779 55656 331
4623 55621 94
3807 55511 37
6168 56187 861
4653 55622 85
4293 55509 621
3855 55268 181
6301 56543 969
4796 55924 287
5884 56046 106
4096 55501 552
4092 55477 927
6817 56455 804
6027 56103 73
4191 55444 80
4978 56036 559
3599 55103 402
3830 55574 246
6290 56238 418
4538 55860 967
6132 56267 231
6451 56358 520
5337 55987 825
4956 55737 121
3665 55247 141
4031 55604 265
6372 56341 248
6660 56370 228
3862 55276 657
6788 56428 820
6595 56569 638
5164 56067 868
6675 56415 559
3861 55274 595
4029 55618 178
4399 55811 206
6313 56460 557
6174 56243 460
3780 55240 638
5789 56246 343
5412 55981 446
4683 55924 143
4881 55733 932
4425 55864 10
3783 55246 764
4055 55359 6
4279 55508 28
6122 56246 745
6273 56243 749
4353 55532 540
5767 56245 767
4760 55656 920
5163 55889 75
6589 56536 409
3867 55652 849
4033 55332 109
4298 55511 488
4013 55629 725
5709 56571 776
6314 56191 387
4983 55836 67
4343 55540 168
7374 56751 508
5164 56067 535
5403 55979 558
4643 55946 946
4300 55528 317
6508 56535 215
5106 55833 625
5796 56274 117
4626 55647 42
4722 55735 654
4444 55538 272
4710 55707 614
5969 56069 75
4271 55507 357
3931 55350 621
3854 55247 653
6678 56401 501
7307 56720 97
4603 55999 298
6420 56304 107
4978 56036 110
3661 55154 107
6743 56385 882
4067 55361 564
4317 55480 661
6195 56220 994
7245 56636 710
5145 55835 641
5067 55751 151
4486 55588 684
3833 55290 905
6518 56567 506
6683 56416 454
5776 56010 308
4093 55475 166
4208 55476 723
4033 55332 397
6661 56366 875
6184 56267 619
6702 56381 100
6424 56272 158
7085 56625 361
5382 55982 139
4015 55624 908
3870 55273 129
3783 55246 559
4093 55475 762
6197 56191 481
5133 55860 938
4856 55712 638
7045 56577 755
4732 55648 458
6381 56353 648
6587 56537 789
4707 55653 756
5024 55854 241
4542 55833 633
4803 55734 648
7096 56683 370
3950 55680 20
4096 55501 953
4976 56046 208
6967 56447 654
5980 56338 94
5167 56066 541
6150 56187 56
5974 56314 349
3936 55302 647
6598 56574 64
7082 56713 440
5181 56298 777
6495 56339 443
6430 56299 258
5059 56190 340
5496 55888 554
5110 55913 490
4033 55332 705
4454 55536 697
5153 56577 192
6132 56267 583
6133 56246 154
4619 55599 663
5802 56309 411
6648 56383 216
6590 56273 39
4871 55928 473
4258 55481 80
5869 56064 281
3687 55269 714
5429 55979 236
4305 55509 717
4201 55443 973
4836 55689 643
7307 56720 33
4630 55623 449
5387 56009 98
5427 56001 648
4212 55447 536
3853 55268 712
4490 55629 172
7336 56656 950
6710 56416 45
4836 55689 502
4281 55836 240
5493 56009 382
6200 56217 379
4697 55660 211
5964 56098 366
7038 56571 461
6382 56365 497
6397 56365 742
4092 55477 669
5428 56029 29
6648 56383 457
5060 56181 258
7315 56685 838
5013 55723 185
5040 56243 228
6734 56386 949
7330 56684 177
5495 55896 968
6274 56550 724
4197 55479 728
3552 55089 77
5950 56211 166
3929 55335 534
4228 55484 878
6187 56244 994
5009 55707 382
6391 56329 663
5015 55707 972
6369 56217 694
4319 55507 524
5330 56000 255
4427 56107 234
5146 55831 154
6295 56536 934
7429 56740 299
4087 55449 900
7133 56567 659
4633 55620 111
3850 55293 764
5002 55710 331
7331 56658 532
5736 55984 504
4446 55589 304
3540 55127 770
5411 55953 526
4269 55502 853
6659 56607 43
4491 55570 253
4500 55543 238
3984 55333 161
5442 55978 119
5454 56015 257
6809 56454 134
4660 56191 763
4877 55707 215
4230 55483 5
4452 55536 33
6588 56536 712
5419 55983 401
4013 55629 758
4699 55684 32
6706 56385 823
5766 56248 695
6037 56160 418
4056 55357 380
7131 56570 834
7454 56751 966
6708 56452 834
4308 55565 732
4572 55622 893
4463 55868 9
4467 55894 967
3800 55486 210
6740 56401 641
3869 55273 345
6750 56367 602
6471 56309 208
6451 56358 707
4370 55534 943
5030 55830 212
5138 55830 410
3865 55272 341
4036 55330 723
6872 56540 741
6833 56413 529
6680 56420 498
4026 55325 359
6373 56298 56
4219 55480 250
3950 55680 332
4561 55614 727
4601 55589 362
6476 56358 238
5774 56002 601
5488 56013 756
5649 55912 343
6008 56093 786
5899 56038 638
5187 56074 891
4058 55358 523
5405 56010 961
5948 56107 700
7166 56602 169
6802 56456 622
5873 56035 99
5479 56016 779
6396 56358 451
5286 56225 424
3688 55273 66
3776 55209 662
4886 55737 186
6144 56237 304
6263 56279 20
6836 56443 752
5351 55952 753
5139 55866 638
5771 56011 438
7310 56693 544
3846 55327 454
4092 55477 714
5866 56035 550
5329 55946 928
4974 56038 258
4833 55679 433
5153 56577 820
5768 56017 60
6270 56273 370
6633 56369 879
6048 56072 76
4612 55590 640
3792 55212 189
6720 56390 770
3812 55513 849
6054 56089 736
4889 55709 695
4572 55622 624
4730 55630 63
4015 55624 585
4079 55363 451
3745 55234 610
6377 56243 830
5295 55978 517
6269 56246 689
6294 56482 418
6156 56239 647
7117 56685 844
6452 56366 632
5726 56626 422
6306 56487 875
4956 55737 578
4568 55600 32
4055 55359 185
4636 55945 734
4690 55653 503
5341 55931 942
6981 56443 212
6369 56217 170
5111 55840 935
4240 55455 771
5344 55924 748
3648 55131 780
3580 55157 472
4021 55620 774
4283 55864 810
4358 55833 734
6428 56279 50
6737 56365 738
5127 55889 513
6591 56535 30
6780 56605 927
6596 56331 713
4837 55707 912
3942 55338 921
4490 55629 189
4306 55584 610
5978 56073 940
3650 55244 215
4692 55644 889
6482 56358 778
7393 56749 10
4394 55924 952
7036 56569 476
4620 55652 401
6517 56563 56
5368 56001 600
6804 56447 633
6387 56328 134
6480 56340 377
5875 56038 916
6498 56565 145
6662 56364 189
4979 56045 746
4291 55525 604
3548 55157 757
6692 56390 909
7260 56659 195
4038 55363 920
3828 55539 874
7378 56715 613
3688 55273 966
6985 56472 826
5115 55885 550
6163 56219 517
4712 55738 890
3961 55654 783
5859 56065 4
4311 55506 42
5422 55986 188
4646 55622 276
6017 56075 356
3930 55332 265
4686 56013 480
6303 56539 650
6688 56412 142
5775 56009 426
6186 56246 44
3558 55123 489
6491 56337 851
4628 55646 300
6471 56309 96
5041 55749 429
4257 55480 688
5296 55922 551
5463 56003 36
7117 56685 894
5474 56036 956
6437 56340 804
6972 56426 616
4486 55588 186
5489 55990 897
6004 56066 868
3825 55533 974
6388 56309 577
5183 55976 697
5741 55980 343
6509 56486 479
5977 56098 810
5062 55803 713
5132 55858 675
4753 55674 577
6602 56571 932
3858 55273 36
4238 55455 50
3695 55212 21
3842 55565 356
4783 55652 218
6407 56311 837
4532 55559 623
4668 56211 687
6663 56338 873
6001 56072 516
3963 55659 508
4758 55682 683
6370 56238 58
3847 55298 728
7029 56455 304
4372 55541 709
5740 55998 815
4550 55894 520
4020 55332 39
6263 56279 822
5295 55978 46
5407 55926 572
6265 56248 715
4210 55444 84
7045 56577 699
7117 56685 507
6265 56248 731
6060 56074 188
5300 55982 898
5418 56037 333
6582 56274 966
4799 55656 451
4320 55894 166
3549 55144 131
4548 55565 608
3760 55268 816
6443 56367 907
6828 56430 675
7450 56722 998
6042 56101 18
6122 56246 272
5210 56003 151
4205 55454 865
4660 56191 119
6639 56385 925
4490 55629 288
6660 56370 327
3658 55152 498
6701 56367 603
4233 55449 224
5452 55957 79
6467 56270 516
5185 55978 147
4862 55685 479
6685 56412 959
4088 55451 90
5184 56352 454
5777 56280 725
3858 55273 674
5154 55864 179
4031 55604 485
5158 55913 753
5806 56310 897
4761 55633 67
4263 55484 904
6724 56416 404
5356 55979 11
3660 55153 958
5900 56043 483
7447 56746 288
4499 55572 98
7284 56683 899
7169 56628 192
3935 55326 626
6284 56310 122
4559 55597 111
5946 56101 744
4059 55360 989
4567 55589 968
4977 56047 683
5872 56027 385
3683 55178 165
6498 56565 706
7126 56568 123
4456 55537 148
4006 55328 602
6200 56217 710
5164 56067 967
6133 56246 834
4061 55362 430
6705 56636 236
4724 55742 630
6285 56248 460
5320 55999 644
4204 55470 928
4551 55569 831
7086 56658 417
5185 55978 77
5805 56336 331
5986 56328 753
5699 55953 204
6316 56483 959
6449 56356 167
4466 55857 791
4664 56192 147
4061 55362 851
6932 56397 900
5410 56016 844
4022 55352 351
3558 55123 251
6826 56449 151
7301 567 717
3694 55209 217
4080 55368 558
5152 56010 186
4293 55509 159
6667 56412 90
5336 55957 183
4527 55590 599
3537 55116 634
5208 56008 970
5957 56210 666
6013 56074 660
6167 56189 890
4489 55545 138
5956 56104 698
5787 56254 702
4024 55646 660
6429 56274 272
4608 55973 182
7044 56591 409
6157 56238 91
6752 56366 626
3955 55678 711
5118 55830 56
6001 56072 74
5966 56101 709
6644 56384 906
7116 56681 896
4797 55662 42
5334 55928 185
7112 56666 93
4651 56008 444
4021 55620 693
6169 56193 517
4690 55653 389
7102 56666 798
4850 55929 431
4725 55711 145
7105 56740 445
6509 56486 331
3857 55272 240
3660 55153 283
4064 55366 138
4832 55680 769
4805 55715 56
7248 56630 545
6008 56093 387
4875 55677 218
3754 55488 702
4979 56045 294
4776 55652 681
4364 55855 835
5874 56039 189
4319 55507 472
6805 56442 100
6302 56565 797
4765 55674 274
5351 55952 308
6982 56444 637
3928 55331 539
4359 55533 463
4406 55858 298
4286 55499 715
4291 55525 834
5211 56002 31
4318 55508 699
4067 55361 918
6747 56388 893
5195 56048 87
4353 55532 361
4569 55631 459
7134 56566 845
3693 55208 400
4864 55680 615
5172 56065 537
4976 56046 170
5210 56003 464
4294 55500 629
4260 55478 606
6404 56330 565
5002 55710 870
4571 55629 168
4856 55712 545
7058 56593 598
6123 56217 275
4049 55591 583
4043 55630 201
5289 55893 665
5292 55926 100
4768 55944 383
5458 56011 678
5707 56217 185
5882 56029 423
5994 56101 569
6658 56606 202
3944 55660 224
5890 56037 659
6432 56309 269
4608 55973 705
4341 55538 339
6046 56096 658
4992 55723 508
7028 56449 783
4775 55708 713
5789 56246 533
4384 56105 915
5008 55744 48
6785 56487 332
3648 55131 409
4224 55481 426
5344 55924 701
4047 55352 355
4627 55626 424
3938 55328 237
4487 55866 204
4872 55944 858
7456 56727 617
7052 56539 158
6621 56366 474
4075 55352 783
3806 55505 962
4609 56251 287
7034 56564 578
5376 55987 578
3962 55660 302
4996 55720 661
6421 56274 187
5003 55715 222
6176 56264 990
7056 56577 277
4738 55650 314
6796 56453 961
3688 55273 664
5205 56040 932
7044 56591 568
3754 55488 158
4790 55888 723
4040 55605 740
3586 55181 49
7090 56659 294
5948 56107 672
5469 56037 927
3968 55590 433
5469 56037 481
7138 56572 636
4200 55499 660
4666 55832 905
4258 55481 646
4704 55681 981
5860 56046 565
6836 56443 503
3549 55144 260
6128 56236 25
5776 56010 732
5707 56217 351
3700 55542 921
5452 55957 412
6149 56194 192
5173 56046 897
4770 55928 662
7298 56661 692
5013 55723 275
3922 55333 658
3764 55514 803
6516 56571 189
3752 55236 795
7037 56570 106
3813 55532 149
6410 56336 595
5150 56329 878
6744 56399 662
5045 56181 573
5339 55922 582
5375 55973 957
6291 56209 255
6516 56571 844
7184 56629 768
4882 55721 14
4177 55688 274
6483 56341 607
4996 55720 453
4044 55359 359
7257 56658 172
4662 55590 451
4754 55649 522
5172 56065 214
4077 55361 883
5991 56076 343
7047 56572 568
6645 56398 388
5135 55862 517
4604 55983 562
4724 55742 495
4783 55652 548
5370 56003 194
5789 56246 244
5191 56065 902
4264 55506 84
4788 55889 141
6590 56273 86
6802 56456 899
4700 55709 645
5897 56042 381
4344 55557 715
6140 56189 738
5449 56030 313
7027 56448 553
5370 56003 411
6266 56223 463
6039 56099 542
5203 56034 298
6252 56248 718
6519 56566 139
4770 55928 135
5291 55947 263
5146 55831 901
6783 56284 975
6618 56401 145
3945 55648 940
3662 55155 677
6733 56369 156
6303 56539 481
6173 56238 521
3956 55656 781
4300 55528 411
6724 56416 100
4085 55452 383
6517 56563 573
3935 55326 551
7247 56626 821
6498 56565 465
4260 55478 915
5449 56030 803
6840 56685 896
5391 56000 683
3978 55330 587
5142 55825 237
4290 55527 807
6964 56748 286
4745 55892 753
5415 55982 461
4306 5558456337 78
3823 55534 867
5368 56001 860
6483 56341 422
4984 55827 748
6483 56341 264
6165 56208 995
5106 55833 774
6436 56363 496
6671 56388 788
4037 55631 369
6693 56384 335
7184 56629 990
4644 55922 342
4021 55620 305
4067 55361 480
5347 56008 235
5204 56036 739
6701 56367 496
5156 55925 455
6785 56487 62
4013 55629 718
5854 56035 548
5994 56101 948
5726 56626 858
5042 55856 20
6151 56265 657
6705 56636 828
6986 56717 181
6012 56101 119
5362 56017 339
7111 56741 466
5133 55860 917
6507 56478 534
6441 56364 809
5388 55983 625
3858 55273 304
7417 56753 701
7184 56629 213
4212 55447 44
7108 56686 728
4033 55332 99
6299 56478 629
5396 55947 77
4510 55559 383
6042 56101 154
6526 56543 552
4970 56039 909
6782 56602 745
6273 56243 975
4409 55883 1000
6143 56267 555
4559 55597 472
6789 56401 5
5132 55858 35
6881 56540 426
6696 56398 673
5133 55860 66
4470 55587 248
6756 56426 486
6397 56365 241
5 55971 841
4242 55476 855
5793 56337 877
5977 56098 277
6975 56720 176
5703 56190 851
7085 56625 783
6298 56208 967
4450 55540 85
6589 56536 971
5852 56034 387
4569 55631 30
4669 55831 921
4489 55545 314
6477 56365 207
5041 55749 358
7239 56693 718
5115 55885 535
5027 56218 136
4807 55687 124
5492 56010 853
4630 55623 672
5145 55835 196
3950 55680 663
6049 56091 376
7333 56686 791
3693 55208 868
5015 55707 983
5331 55976 429
3675 55154 756
6176 56264 237
6697 56419 149
7133 56567 585
4342 55531 158
5994 56101 264
3679 55158 274
5989 56312 693
6981 56443 133
4642 55926 264
7381 56717 480
5395 56003 625
6481 56363 252
6880 56543 249
4194 55450 318
4836 55689 436
6799 56478 17
5119 55836 213
6063 56077 378
4187 55693 853
4697 55660 882
5465 55988 46
4369 55827 164
6144 56237 89
6478 56341 821
3670 55480 970
7053 56564 920
6200 56217 357
5469 56037 403
4771 55925 379
5180 55947 729
6408 56329 635
6606 56304 116
4977 56047 834
3806 55505 753
5196 55831 943
7043 56576 918
5395 56003 474
