plates mjds fibers
4318 55508 1
4318 55508 10
4318 55508 100
4318 55508 1000
4318 55508 101
4318 55508 102
4318 55508 103
4318 55508 104
4318 55508 105
4318 55508 106
4318 55508 107
4318 55508 108
4318 55508 109
4318 55508 11
4318 55508 110
4318 55508 111
4318 55508 112
4318 55508 113
4318 55508 114
4318 55508 115
4318 55508 116
4318 55508 117
4318 55508 118
4318 55508 119
4318 55508 12
4318 55508 120
4318 55508 121
4318 55508 122
4318 55508 123
4318 55508 124
4318 55508 125
4318 55508 126
4318 55508 127
4318 55508 128
4318 55508 129
4318 55508 13
4318 55508 130
4318 55508 131
4318 55508 132
4318 55508 133
4318 55508 134
4318 55508 135
4318 55508 136
4318 55508 137
4318 55508 138
4318 55508 139
4318 55508 14
4318 55508 140
4318 55508 141
4318 55508 142
4318 55508 143
4318 55508 144
4318 55508 145
4318 55508 146
4318 55508 147
4318 55508 148
4318 55508 149
4318 55508 15
4318 55508 150
4318 55508 151
4318 55508 152
4318 55508 153
4318 55508 154
4318 55508 155
4318 55508 156
4318 55508 157
4318 55508 158
4318 55508 159
4318 55508 16
4318 55508 160
4318 55508 161
4318 55508 162
4318 55508 163
4318 55508 164
4318 55508 165
4318 55508 166
4318 55508 167
4318 55508 168
4318 55508 169
4318 55508 17
4318 55508 170
4318 55508 171
4318 55508 172
4318 55508 173
4318 55508 174
4318 55508 175
4318 55508 176
4318 55508 177
4318 55508 178
4318 55508 179
4318 55508 18
4318 55508 180
4318 55508 181
4318 55508 182
4318 55508 183
4318 55508 184
4318 55508 185
4318 55508 186
4318 55508 187
4318 55508 188
4318 55508 189
4318 55508 19
4318 55508 190
4318 55508 191
4318 55508 192
4318 55508 193
4318 55508 194
4318 55508 195
4318 55508 196
4318 55508 197
4318 55508 198
4318 55508 199
4318 55508 2
4318 55508 20
4318 55508 200
4318 55508 201
4318 55508 202
4318 55508 203
4318 55508 204
4318 55508 205
4318 55508 206
4318 55508 207
4318 55508 208
4318 55508 209
4318 55508 21
4318 55508 210
4318 55508 211
4318 55508 212
4318 55508 213
4318 55508 214
4318 55508 215
4318 55508 216
4318 55508 217
4318 55508 218
4318 55508 219
4318 55508 22
4318 55508 220
4318 55508 221
4318 55508 222
4318 55508 223
4318 55508 224
4318 55508 225
4318 55508 226
4318 55508 227
4318 55508 228
4318 55508 229
4318 55508 23
4318 55508 230
4318 55508 231
4318 55508 232
4318 55508 233
4318 55508 234
4318 55508 235
4318 55508 236
4318 55508 237
4318 55508 238
4318 55508 239
4318 55508 24
4318 55508 240
4318 55508 241
4318 55508 242
4318 55508 243
4318 55508 244
4318 55508 245
4318 55508 246
4318 55508 247
4318 55508 248
4318 55508 249
4318 55508 25
4318 55508 250
4318 55508 251
4318 55508 252
4318 55508 253
4318 55508 254
4318 55508 255
4318 55508 256
4318 55508 257
4318 55508 258
4318 55508 259
4318 55508 26
4318 55508 260
4318 55508 261
4318 55508 262
4318 55508 263
4318 55508 264
4318 55508 265
4318 55508 266
4318 55508 267
4318 55508 268
4318 55508 269
4318 55508 27
4318 55508 270
4318 55508 271
4318 55508 272
4318 55508 273
4318 55508 274
4318 55508 275
4318 55508 276
4318 55508 277
4318 55508 278
4318 55508 279
4318 55508 28
4318 55508 280
4318 55508 281
4318 55508 282
4318 55508 283
4318 55508 284
4318 55508 285
4318 55508 286
4318 55508 287
4318 55508 288
4318 55508 289
4318 55508 29
4318 55508 290
4318 55508 291
4318 55508 292
4318 55508 293
4318 55508 294
4318 55508 295
4318 55508 296
4318 55508 297
4318 55508 298
4318 55508 299
4318 55508 3
4318 55508 30
4318 55508 300
4318 55508 301
4318 55508 302
4318 55508 303
4318 55508 304
4318 55508 305
4318 55508 306
4318 55508 307
4318 55508 308
4318 55508 309
4318 55508 31
4318 55508 310
4318 55508 311
4318 55508 312
4318 55508 313
4318 55508 314
4318 55508 315
4318 55508 316
4318 55508 317
4318 55508 318
4318 55508 319
4318 55508 32
4318 55508 320
4318 55508 321
4318 55508 322
4318 55508 323
4318 55508 324
4318 55508 325
4318 55508 326
4318 55508 327
4318 55508 328
4318 55508 329
4318 55508 33
4318 55508 330
4318 55508 331
4318 55508 332
4318 55508 333
4318 55508 334
4318 55508 335
4318 55508 336
4318 55508 337
4318 55508 338
4318 55508 339
4318 55508 34
4318 55508 340
4318 55508 341
4318 55508 342
4318 55508 343
4318 55508 344
4318 55508 345
46815 56419 1
6815 56419 10
6815 56419 100
6815 56419 1000
6815 56419 101
6815 56419 102
6815 56419 103
6815 56419 104
6815 56419 105
6815 56419 106
6815 56419 107
6815 56419 108
6815 56419 109
6815 56419 11
6815 56419 110
6815 56419 111
6815 56419 112
6815 56419 113
6815 56419 114
6815 56419 115
6815 56419 116
6815 56419 117
6815 56419 118
6815 56419 119
6815 56419 12
6815 56419 120
6815 56419 121
6815 56419 122
6815 56419 123
6815 56419 124
6815 56419 125
6815 56419 126
6815 56419 127
6815 56419 128
6815 56419 129
6815 56419 13
6815 56419 130
6815 56419 131
6815 56419 132
6815 56419 133
6815 56419 134
6815 56419 135
6815 56419 136
6815 56419 137
6815 56419 138
6815 56419 139
6815 56419 14
6815 56419 140
6815 56419 141
6815 56419 142
6815 56419 143
6815 56419 144
6815 56419 145
6815 56419 146
6815 56419 147
6815 56419 148
6815 56419 149
6815 56419 15
6815 56419 150
6815 56419 151
6815 56419 152
6815 56419 153
6815 56419 154
6815 56419 155
6815 56419 156
6815 56419 157
6815 56419 158
6815 56419 159
6815 56419 318
4318 55508 347
4318 55508 348
4318 55508 349
4318 55508 35
4318 55508 350
4318 55508 351
4318 55508 352
4318 55508 353
4318 55508 354
4318 55508 355
4318 55508 356
4318 55508 357
4318 55508 358
4318 55508 359
4318 55508 36
4318 55508 360
4318 55508 361
4318 55508 362
4318 55508 363
4318 55508 364
4318 55508 365
4318 55508 366
4318 55508 367
4318 55508 368
4318 55508 369
4318 55508 37
4318 55508 370
4318 55508 371
4318 55508 372
4318 55508 373
4318 55508 374
4318 55508 375
4318 55508 376
4318 55508 377
4318 55508 378
4318 55508 379
4318 55508 38
4318 55508 380
4318 55508 381
4318 55508 382
4318 55508 383
4318 55508 384
4318 55508 385
4318 55508 386
4318 55508 387
4318 55508 388
4318 55508 389
4318 55508 39
4318 55508 390
4318 55508 391
4318 55508 392
4318 55508 393
4318 55508 394
4318 55508 395
4318 55508 396
4318 55508 397
4318 55508 398
4318 55508 399
4318 55508 4
4318 55508 40
4318 55508 400
4318 55508 401
4318 55508 402
4318 55508 403
4318 55508 404
4318 55508 405
4318 55508 406
4318 55508 4016
6815 56419 160
6815 56419 161
6815 56419 162
6815 56419 163
6815 56419 164
6815 56419 165
6815 56419 166
6815 56419 167
6815 56419 168
6815 56419 169
6815 56419 17
6815 56419 170
6815 56419 171
6815 56419 172
6815 56419 173
6815 56419 174
6815 56419 175
6815 56419 176
6815 56419 177
6815 56419 178
6815 56419 179
6815 56419 18
6815 56419 180
6815 56419 181
6815 56419 182
6815 56419 183
6815 56419 184
6815 56419 185
6815 56419 186
6815 56419 187
6815 56419 188
6815 56419 189
6815 56419 19
6815 56419 190
6815 56419 191
6815 56419 192
6815 56419 193
6815 56419 194
6815 56419 195
6815 56419 196
6815 56419 197
6815 56419 198
6815 56419 199
6815 56419 2
6815 56419 20
6815 56419 200
6815 56419 201
6815 56419 202
6815 56419 203
6815 56419 204
6815 56419 205
6815 56419 206
6815 56419 207
6815 56419 208
6815 56419 209
6815 56419 21
6815 56419 210
6815 56419 211
6815 56419 212
6815 56419 213
6815 56419 214
6815 56419 215
6815 56419 216
6815 56419 217
6815 56419 218
6815 56419 219
6815 56419 22
6815 56419 220
4318 55508 408
4318 55508 409
4318 55508 41
4318 55508 410
4318 55508 411
4318 55508 412
4318 55508 413
4318 55508 414
4318 55508 415
4318 55508 416
4318 55508 417
4318 55508 418
4318 55508 419
4318 55508 42
4318 55508 420
4318 55508 421
4318 55508 422
4318 55508 423
4318 55508 424
4318 55508 425
4318 55508 426
4318 55508 427
4318 55508 428
4318 55508 429
4318 55508 43
4318 55508 430
4318 55508 431
4318 55508 432
4318 55508 433
4318 55508 434
4318 55508 435
4318 55508 436
4318 55508 437
4318 55508 438
4318 55508 439
4318 55508 44
4318 55508 440
4318 55508 441
4318 55508 442
4318 55508 443
4318 55508 444
4318 55508 445
4318 55508 446
4318 55508 447
4318 55508 448
4318 55508 449
4318 55508 45
4318 55508 450
4318 55508 451
4318 55508 452
4318 55508 453
4318 55508 454
4318 55508 455
4318 55508 456
4318 55508 457
4318 55508 458
4318 55508 459
4318 55508 46
4318 55508 460
4318 55508 461
4318 55508 462
4318 55508 463
4318 55508 464
4318 55508 465
4318 55508 466
4318 55508 467
4318 55508 468
4318 55508 469
4318 5559 221
6815 56419 222
6815 56419 223
6815 56419 224
6815 56419 225
6815 56419 226
6815 56419 227
6815 56419 228
6815 56419 229
6815 56419 23
6815 56419 230
6815 56419 231
6815 56419 232
6815 56419 233
6815 56419 234
6815 56419 235
6815 56419 236
6815 56419 237
6815 56419 238
6815 56419 239
6815 56419 24
6815 56419 240
6815 56419 241
6815 56419 242
6815 56419 243
6815 56419 244
6815 56419 245
6815 56419 246
6815 56419 247
6815 56419 248
6815 56419 249
6815 56419 25
6815 56419 250
6815 56419 251
6815 56419 252
6815 56419 253
6815 56419 254
6815 56419 255
6815 56419 256
6815 56419 257
6815 56419 258
6815 56419 259
6815 56419 26
6815 56419 260
6815 56419 261
6815 56419 262
6815 56419 263
6815 56419 264
6815 56419 265
6815 56419 266
6815 56419 267
6815 56419 268
6815 56419 269
6815 56419 27
6815 56419 270
6815 56419 271
6815 56419 272
6815 56419 273
6815 56419 274
6815 56419 275
6815 56419 276
6815 56419 277
6815 56419 278
6815 56419 279
6815 56419 28
6815 56419 280
6815 56419 281
6815 56419 282
6815 56419 283
4318 55508 470
4318 55508 471
4318 55508 472
4318 55508 473
4318 55508 474
4318 55508 475
4318 55508 476
4318 55508 477
4318 55508 478
4318 55508 479
4318 55508 48
4318 55508 480
4318 55508 481
4318 55508 482
4318 55508 483
4318 55508 484
4318 55508 485
4318 55508 486
4318 55508 487
4318 55508 488
4318 55508 489
4318 55508 49
4318 55508 490
4318 55508 491
4318 55508 492
4318 55508 493
4318 55508 494
4318 55508 495
4318 55508 496
4318 55508 497
4318 55508 498
4318 55508 499
4318 55508 5
4318 55508 50
4318 55508 500
4318 55508 501
4318 55508 502
4318 55508 503
4318 55508 504
4318 55508 505
4318 55508 506
4318 55508 507
4318 55508 508
4318 55508 509
4318 55508 51
4318 55508 510
4318 55508 511
4318 55508 512
4318 55508 513
4318 55508 514
4318 55508 515
4318 55508 516
4318 55508 517
4318 55508 518
4318 55508 519
4318 55508 52
4318 55508 520
4318 55508 521
4318 55508 522
4318 55508 523
4318 55508 524
4318 55508 525
4318 55508 526
4318 55508 527
4318 55508 528
4318 55508 529
4318 55508 53
4318 55508 530
6815 56419 285
6815 56419 286
6815 56419 287
6815 56419 288
6815 56419 289
6815 56419 29
6815 56419 290
6815 56419 291
6815 56419 292
6815 56419 293
6815 56419 294
6815 56419 295
6815 56419 296
6815 56419 297
6815 56419 298
6815 56419 299
6815 56419 3
6815 56419 30
6815 56419 300
6815 56419 301
6815 56419 302
6815 56419 303
6815 56419 304
6815 56419 305
6815 56419 306
6815 56419 307
6815 56419 308
6815 56419 309
6815 56419 31
6815 56419 310
6815 56419 311
6815 56419 312
6815 56419 313
6815 56419 314
6815 56419 315
6815 56419 316
6815 56419 317
6815 56419 318
6815 56419 319
6815 56419 32
6815 56419 320
6815 56419 321
6815 56419 322
6815 56419 323
6815 56419 324
6815 56419 325
6815 56419 326
6815 56419 327
6815 56419 328
6815 56419 329
6815 56419 33
6815 56419 330
6815 56419 331
6815 56419 332
6815 56419 333
6815 56419 334
6815 56419 335
6815 56419 336
6815 56419 337
6815 56419 338
6815 56419 339
6815 56419 34
6815 56419 340
6815 56419 341
6815 56419 342
6815 56419 343
6815 56419 344
6815 56419 345
4318 55508 532
4318 55508 533
4318 55508 534
4318 55508 535
4318 55508 536
4318 55508 537
4318 55508 538
4318 55508 539
4318 55508 54
4318 55508 540
4318 55508 541
4318 55508 542
4318 55508 543
4318 55508 544
4318 55508 545
4318 55508 546
4318 55508 547
4318 55508 548
4318 55508 549
4318 55508 55
4318 55508 550
4318 55508 551
4318 55508 552
4318 55508 553
4318 55508 554
4318 55508 555
4318 55508 556
4318 55508 557
4318 55508 558
4318 55508 559
4318 55508 56
4318 55508 560
4318 55508 561
4318 55508 562
4318 55508 563
4318 55508 564
4318 55508 565
4318 55508 566
4318 55508 567
4318 55508 568
4318 55508 569
4318 55508 57
4318 55508 570
4318 55508 571
4318 55508 572
4318 55508 573
4318 55508 574
4318 55508 575
4318 55508 576
4318 55508 577
4318 55508 578
4318 55508 579
4318 55508 58
4318 55508 580
4318 55508 581
4318 55508 582
4318 55508 583
4318 55508 584
4318 55508 585
4318 55508 586
4318 55508 587
4318 55508 588
4318 55508 589
4318 55508 59
4318 55508 590
4318 55508 591
4318 55508 592
4318 55508 593
4815 56419 346
6815 56419 347
6815 56419 348
6815 56419 349
6815 56419 35
6815 56419 350
6815 56419 351
6815 56419 352
6815 56419 353
6815 56419 354
6815 56419 355
6815 56419 356
6815 56419 357
6815 56419 358
6815 56419 359
6815 56419 36
6815 56419 360
6815 56419 361
6815 56419 362
6815 56419 363
6815 56419 364
6815 56419 365
6815 56419 366
6815 56419 367
6815 56419 368
6815 56419 369
6815 56419 37
6815 56419 370
6815 56419 371
6815 56419 372
6815 56419 373
6815 56419 374
6815 56419 375
6815 56419 376
6815 56419 377
6815 56419 378
6815 56419 379
6815 56419 38
6815 56419 380
6815 56419 381
6815 56419 382
6815 56419 383
6815 56419 384
6815 56419 385
6815 56419 386
6815 56419 387
6815 56419 388
6815 56419 389
6815 56419 39
6815 56419 390
6815 56419 391
6815 56419 392
6815 56419 393
6815 56419 394
6815 56419 395
6815 56419 396
6815 56419 397
6815 56419 398
6815 56419 399
6815 56419 4
6815 56419 40
6815 56419 400
6815 56419 401
6815 56419 402
6815 56419 403
6815 56419 404
6815 56419 405
6815 56419 406
6815 56419 40318
4318 55508 595
4318 55508 596
4318 55508 597
4318 55508 598
4318 55508 599
4318 55508 6
4318 55508 60
4318 55508 600
4318 55508 601
4318 55508 602
4318 55508 603
4318 55508 604
4318 55508 605
4318 55508 606
4318 55508 607
4318 55508 608
4318 55508 609
4318 55508 61
4318 55508 610
4318 55508 611
4318 55508 612
4318 55508 613
4318 55508 614
4318 55508 615
4318 55508 616
4318 55508 617
4318 55508 618
4318 55508 619
4318 55508 62
4318 55508 620
4318 55508 621
4318 55508 622
4318 55508 623
4318 55508 624
4318 55508 625
4318 55508 626
4318 55508 627
4318 55508 628
4318 55508 629
4318 55508 63
4318 55508 630
4318 55508 631
4318 55508 632
4318 55508 633
4318 55508 634
4318 55508 635
4318 55508 636
4318 55508 637
4318 55508 638
4318 55508 639
4318 55508 64
4318 55508 640
4318 55508 641
4318 55508 642
4318 55508 643
4318 55508 644
4318 55508 645
4318 55508 646
4318 55508 647
4318 55508 648
4318 55508 649
4318 55508 65
4318 55508 650
4318 55508 651
4318 55508 652
4318 55508 653
4318 55508 654
4318 55508 657
6815 56419 408
6815 56419 409
6815 56419 41
6815 56419 410
6815 56419 411
6815 56419 412
6815 56419 413
6815 56419 414
6815 56419 415
6815 56419 416
6815 56419 417
6815 56419 418
6815 56419 419
6815 56419 42
6815 56419 420
6815 56419 421
6815 56419 422
6815 56419 423
6815 56419 424
6815 56419 425
6815 56419 426
6815 56419 427
6815 56419 428
6815 56419 429
6815 56419 43
6815 56419 430
6815 56419 431
6815 56419 432
6815 56419 433
6815 56419 434
6815 56419 435
6815 56419 436
6815 56419 437
6815 56419 438
6815 56419 439
6815 56419 44
6815 56419 440
6815 56419 441
6815 56419 442
6815 56419 443
6815 56419 444
6815 56419 445
6815 56419 446
6815 56419 447
6815 56419 448
6815 56419 449
6815 56419 45
6815 56419 450
6815 56419 451
6815 56419 452
6815 56419 453
6815 56419 454
6815 56419 455
6815 56419 456
6815 56419 457
6815 56419 458
6815 56419 459
6815 56419 46
6815 56419 460
6815 56419 461
6815 56419 462
6815 56419 463
6815 56419 464
6815 56419 465
6815 56419 466
6815 56419 467
6815 56419 468
6815 56419 469
4318 55508 656
4318 55508 657
4318 55508 658
4318 55508 659
4318 55508 66
4318 55508 660
4318 55508 661
4318 55508 662
4318 55508 663
4318 55508 664
4318 55508 665
4318 55508 666
4318 55508 667
4318 55508 668
4318 55508 669
4318 55508 67
4318 55508 670
4318 55508 671
4318 55508 672
4318 55508 673
4318 55508 674
4318 55508 675
4318 55508 676
4318 55508 677
4318 55508 678
4318 55508 679
4318 55508 68
4318 55508 680
4318 55508 681
4318 55508 682
4318 55508 683
4318 55508 684
4318 55508 685
4318 55508 686
4318 55508 687
4318 55508 688
4318 55508 689
4318 55508 69
4318 55508 690
4318 55508 691
4318 55508 692
4318 55508 693
4318 55508 694
4318 55508 695
4318 55508 696
4318 55508 697
4318 55508 698
4318 55508 699
4318 55508 7
4318 55508 70
4318 55508 700
4318 55508 701
4318 55508 702
4318 55508 703
4318 55508 704
4318 55508 705
4318 55508 706
4318 55508 707
4318 55508 708
4318 55508 709
4318 55508 71
4318 55508 710
4318 55508 711
4318 55508 712
4318 55508 713
4318 55508 714
4318 55508 715
4318 55508 716
4318 5550819 47
6815 56419 470
6815 56419 471
6815 56419 472
6815 56419 473
6815 56419 474
6815 56419 475
6815 56419 476
6815 56419 477
6815 56419 478
6815 56419 479
6815 56419 48
6815 56419 480
6815 56419 481
6815 56419 482
6815 56419 483
6815 56419 484
6815 56419 485
6815 56419 486
6815 56419 487
6815 56419 488
6815 56419 489
6815 56419 49
6815 56419 490
6815 56419 491
6815 56419 492
6815 56419 493
6815 56419 494
6815 56419 495
6815 56419 496
6815 56419 497
6815 56419 498
6815 56419 499
6815 56419 5
6815 56419 50
6815 56419 500
6815 56419 501
6815 56419 502
6815 56419 503
6815 56419 504
6815 56419 505
6815 56419 506
6815 56419 507
6815 56419 508
6815 56419 509
6815 56419 51
6815 56419 510
6815 56419 511
6815 56419 512
6815 56419 513
6815 56419 514
6815 56419 515
6815 56419 516
6815 56419 517
6815 56419 518
6815 56419 519
6815 56419 52
6815 56419 520
6815 56419 521
6815 56419 522
6815 56419 523
6815 56419 524
6815 56419 525
6815 56419 526
6815 56419 527
6815 56419 528
6815 56419 529
6815 56419 53
6815 56419 530
6815 5 717
4318 55508 718
4318 55508 719
4318 55508 72
4318 55508 720
4318 55508 721
4318 55508 722
4318 55508 723
4318 55508 724
4318 55508 725
4318 55508 726
4318 55508 727
4318 55508 728
4318 55508 729
4318 55508 73
4318 55508 730
4318 55508 731
4318 55508 732
4318 55508 733
4318 55508 734
4318 55508 735
4318 55508 736
4318 55508 737
4318 55508 738
4318 55508 739
4318 55508 74
4318 55508 740
4318 55508 741
4318 55508 742
4318 55508 743
4318 55508 744
4318 55508 745
4318 55508 746
4318 55508 747
4318 55508 748
4318 55508 749
4318 55508 75
4318 55508 750
4318 55508 751
4318 55508 752
4318 55508 753
4318 55508 754
4318 55508 755
4318 55508 756
4318 55508 757
4318 55508 758
4318 55508 759
4318 55508 76
4318 55508 760
4318 55508 761
4318 55508 762
4318 55508 763
4318 55508 764
4318 55508 765
4318 55508 766
4318 55508 767
4318 55508 768
4318 55508 769
4318 55508 77
4318 55508 770
4318 55508 771
4318 55508 772
4318 55508 773
4318 55508 774
4318 55508 775
4318 55508 776
4318 55508 777
4318 55508 778
4318 55508 779
4318 6419 531
6815 56419 532
6815 56419 533
6815 56419 534
6815 56419 535
6815 56419 536
6815 56419 537
6815 56419 538
6815 56419 539
6815 56419 54
6815 56419 540
6815 56419 541
6815 56419 542
6815 56419 543
6815 56419 544
6815 56419 545
6815 56419 546
6815 56419 547
6815 56419 548
6815 56419 549
6815 56419 55
6815 56419 550
6815 56419 551
6815 56419 552
6815 56419 553
6815 56419 554
6815 56419 555
6815 56419 556
6815 56419 557
6815 56419 558
6815 56419 559
6815 56419 56
6815 56419 560
6815 56419 561
6815 56419 562
6815 56419 563
6815 56419 564
6815 56419 565
6815 56419 566
6815 56419 567
6815 56419 568
6815 56419 569
6815 56419 57
6815 56419 570
6815 56419 571
6815 56419 572
6815 56419 573
6815 56419 574
6815 56419 575
6815 56419 576
6815 56419 577
6815 56419 578
6815 56419 579
6815 56419 58
6815 56419 580
6815 56419 581
6815 56419 582
6815 56419 583
6815 56419 584
6815 56419 585
6815 56419 586
6815 56419 587
6815 56419 588
6815 56419 589
6815 56419 59
6815 56419 590
6815 56419 591
6815 56419 592
6815 56419 593
4318 55508 780
4318 55508 781
4318 55508 782
4318 55508 783
4318 55508 784
4318 55508 785
4318 55508 786
4318 55508 787
4318 55508 788
4318 55508 789
4318 55508 79
4318 55508 790
4318 55508 791
4318 55508 792
4318 55508 793
4318 55508 794
4318 55508 795
4318 55508 796
4318 55508 797
4318 55508 798
4318 55508 799
4318 55508 8
4318 55508 80
4318 55508 800
4318 55508 801
4318 55508 802
4318 55508 803
4318 55508 804
4318 55508 805
4318 55508 806
4318 55508 807
4318 55508 808
4318 55508 809
4318 55508 81
4318 55508 810
4318 55508 811
4318 55508 812
4318 55508 813
4318 55508 814
4318 55508 815
4318 55508 816
4318 55508 817
4318 55508 818
4318 55508 819
4318 55508 82
4318 55508 820
4318 55508 821
4318 55508 822
4318 55508 823
4318 55508 824
4318 55508 825
4318 55508 826
4318 55508 827
4318 55508 828
4318 55508 829
4318 55508 83
4318 55508 830
4318 55508 831
4318 55508 832
4318 55508 833
4318 55508 834
4318 55508 835
4318 55508 836
4318 55508 837
4318 55508 838
4318 55508 839
4318 55508 84
4318 55508 840
6815 56419 595
6815 56419 596
6815 56419 597
6815 56419 598
6815 56419 599
6815 56419 6
6815 56419 60
6815 56419 600
6815 56419 601
6815 56419 602
6815 56419 603
6815 56419 604
6815 56419 605
6815 56419 606
6815 56419 607
6815 56419 608
6815 56419 609
6815 56419 61
6815 56419 610
6815 56419 611
6815 56419 612
6815 56419 613
6815 56419 614
6815 56419 615
6815 56419 616
6815 56419 617
6815 56419 618
6815 56419 619
6815 56419 62
6815 56419 620
6815 56419 621
6815 56419 622
6815 56419 623
6815 56419 624
6815 56419 625
6815 56419 626
6815 56419 627
6815 56419 628
6815 56419 629
6815 56419 63
6815 56419 630
6815 56419 631
6815 56419 632
6815 56419 633
6815 56419 634
6815 56419 635
6815 56419 636
6815 56419 637
6815 56419 638
6815 56419 639
6815 56419 64
6815 56419 640
6815 56419 641
6815 56419 642
6815 56419 643
6815 56419 644
6815 56419 645
6815 56419 646
6815 56419 647
6815 56419 648
6815 56419 649
6815 56419 65
6815 56419 650
6815 56419 651
6815 56419 652
6815 56419 653
6815 56419 654
6815 56419 658
4318 55508 842
4318 55508 843
4318 55508 844
4318 55508 845
4318 55508 846
4318 55508 847
4318 55508 848
4318 55508 849
4318 55508 85
4318 55508 850
4318 55508 851
4318 55508 852
4318 55508 853
4318 55508 854
4318 55508 855
4318 55508 856
4318 55508 857
4318 55508 858
4318 55508 859
4318 55508 86
4318 55508 860
4318 55508 861
4318 55508 862
4318 55508 863
4318 55508 864
4318 55508 865
4318 55508 866
4318 55508 867
4318 55508 868
4318 55508 869
4318 55508 87
4318 55508 870
4318 55508 871
4318 55508 872
4318 55508 873
4318 55508 874
4318 55508 875
4318 55508 876
4318 55508 877
4318 55508 878
4318 55508 879
4318 55508 88
4318 55508 880
4318 55508 881
4318 55508 882
4318 55508 883
4318 55508 884
4318 55508 885
4318 55508 886
4318 55508 887
4318 55508 888
4318 55508 889
4318 55508 89
4318 55508 890
4318 55508 891
4318 55508 892
4318 55508 893
4318 55508 894
4318 55508 895
4318 55508 896
4318 55508 897
4318 55508 898
4318 55508 899
4318 55508 9
4318 55508 90
4318 55508 900
4318 55508 901
4318 55508 902
6815 56419 656
6815 56419 657
6815 56419 658
6815 56419 659
6815 56419 66
6815 56419 660
6815 56419 661
6815 56419 662
6815 56419 663
6815 56419 664
6815 56419 665
6815 56419 666
6815 56419 667
6815 56419 668
6815 56419 669
6815 56419 67
6815 56419 670
6815 56419 671
6815 56419 672
6815 56419 673
6815 56419 674
6815 56419 675
6815 56419 676
6815 56419 677
6815 56419 678
6815 56419 679
6815 56419 68
6815 56419 680
6815 56419 681
6815 56419 682
6815 56419 683
6815 56419 684
6815 56419 685
6815 56419 686
6815 56419 687
6815 56419 688
6815 56419 689
6815 56419 69
6815 56419 690
6815 56419 691
6815 56419 692
6815 56419 693
6815 56419 694
6815 56419 695
6815 56419 696
6815 56419 697
6815 56419 698
6815 56419 699
6815 56419 7
6815 56419 70
6815 56419 700
6815 56419 701
6815 56419 702
6815 56419 703
6815 56419 704
6815 56419 705
6815 56419 706
6815 56419 707
6815 56419 708
6815 56419 709
6815 56419 71
6815 56419 710
6815 56419 711
6815 56419 712
6815 56419 713
6815 56419 714
6815 56419 715
6815 56419 716
4318 55508 903
4318 55508 904
4318 55508 905
4318 55508 906
4318 55508 907
4318 55508 908
4318 55508 909
4318 55508 91
4318 55508 910
4318 55508 911
4318 55508 912
4318 55508 913
4318 55508 914
4318 55508 915
4318 55508 916
4318 55508 917
4318 55508 918
4318 55508 919
4318 55508 92
4318 55508 920
4318 55508 921
4318 55508 922
4318 55508 923
4318 55508 924
4318 55508 925
4318 55508 926
4318 55508 927
4318 55508 928
4318 55508 929
4318 55508 93
4318 55508 930
4318 55508 931
4318 55508 932
4318 55508 933
4318 55508 934
4318 55508 935
4318 55508 936
4318 55508 937
4318 55508 938
4318 55508 939
4318 55508 94
4318 55508 940
4318 55508 941
4318 55508 942
4318 55508 943
4318 55508 944
4318 55508 945
4318 55508 946
4318 55508 947
4318 55508 948
4318 55508 949
4318 55508 95
4318 55508 950
4318 55508 951
4318 55508 952
4318 55508 953
4318 55508 954
4318 55508 955
4318 55508 956
4318 55508 957
4318 55508 958
4318 55508 959
4318 55508 96
4318 55508 960
4318 55508 961
4318 55508 962
4318 55508 963
4318 55508 964
4318 55508 717
6815 56419 718
6815 56419 719
6815 56419 72
6815 56419 720
6815 56419 721
6815 56419 722
6815 56419 723
6815 56419 724
6815 56419 725
6815 56419 726
6815 56419 727
6815 56419 728
6815 56419 729
6815 56419 73
6815 56419 730
6815 56419 731
6815 56419 732
6815 56419 733
6815 56419 734
6815 56419 735
6815 56419 736
6815 56419 737
6815 56419 738
6815 56419 739
6815 56419 74
6815 56419 740
6815 56419 741
6815 56419 742
6815 56419 743
6815 56419 744
6815 56419 745
6815 56419 746
6815 56419 747
6815 56419 748
6815 56419 749
6815 56419 75
6815 56419 750
6815 56419 751
6815 56419 752
6815 56419 753
6815 56419 754
6815 56419 755
6815 56419 756
6815 56419 757
6815 56419 758
6815 56419 759
6815 56419 76
6815 56419 760
6815 56419 761
6815 56419 762
6815 56419 763
6815 56419 764
6815 56419 765
6815 56419 766
6815 56419 767
6815 56419 768
6815 56419 769
6815 56419 77
6815 56419 770
6815 56419 771
6815 56419 772
6815 56419 773
6815 56419 774
6815 56419 775
6815 56419 776
6815 56419 777
6815 56419 778
6815 56419 779
6815  965
4318 55508 966
4318 55508 967
4318 55508 968
4318 55508 969
4318 55508 97
4318 55508 970
4318 55508 971
4318 55508 972
4318 55508 973
4318 55508 974
4318 55508 975
4318 55508 976
4318 55508 977
4318 55508 978
4318 55508 979
4318 55508 98
4318 55508 980
4318 55508 981
4318 55508 982
4318 55508 983
4318 55508 984
4318 55508 985
4318 55508 986
4318 55508 987
4318 55508 988
4318 55508 989
4318 55508 99
4318 55508 990
4318 55508 991
4318 55508 992
4318 55508 993
4318 55508 994
4318 55508 995
4318 55508 996
4318 55508 997
4318 55508 998
4318 55508 999
6815 56419 780
6815 56419 781
6815 56419 782
6815 56419 783
6815 56419 784
6815 56419 785
6815 56419 786
6815 56419 787
6815 56419 788
6815 56419 789
6815 56419 79
6815 56419 790
6815 56419 791
6815 56419 792
6815 56419 793
6815 56419 794
6815 56419 795
6815 56419 796
6815 56419 797
6815 56419 798
6815 56419 799
6815 56419 8
6815 56419 80
6815 56419 800
6815 56419 801
6815 56419 802
6815 56419 803
6815 56419 804
6815 56419 805
6815 56419 806
6815 56419 807
6815 56419 808
6815 56419 809
6815 56419 81
6815 56419 810
6815 56419 811
6815 56419 812
6815 56419 813
6815 56419 814
6815 56419 815
6815 56419 816
6815 56419 817
6815 56419 818
6815 56419 819
6815 56419 82
6815 56419 820
6815 56419 821
6815 56419 822
6815 56419 823
6815 56419 824
6815 56419 825
6815 56419 826
6815 56419 827
6815 56419 828
6815 56419 829
6815 56419 83
6815 56419 830
6815 56419 831
6815 56419 832
6815 56419 833
6815 56419 834
6815 56419 835
6815 56419 836
6815 56419 837
6815 56419 838
6815 56419 839
6815 56419 84
6815 56419 840
6815 56419 841
6815 56419 842
6815 56419 843
6815 56419 844
6815 56419 845
6815 56419 846
6815 56419 847
6815 56419 848
6815 56419 849
6815 56419 85
6815 56419 850
6815 56419 851
6815 56419 852
6815 56419 853
6815 56419 854
6815 56419 855
6815 56419 856
6815 56419 857
6815 56419 858
6815 56419 859
6815 56419 86
6815 56419 860
6815 56419 861
6815 56419 862
6815 56419 863
6815 56419 864
6815 56419 865
6815 56419 866
6815 56419 867
6815 56419 868
6815 56419 869
6815 56419 87
6815 56419 870
6815 56419 871
6815 56419 872
6815 56419 873
6815 56419 874
6815 56419 875
6815 56419 876
6815 56419 877
6815 56419 878
6815 56419 879
6815 56419 88
6815 56419 880
6815 56419 881
6815 56419 882
6815 56419 883
6815 56419 884
6815 56419 885
6815 56419 886
6815 56419 887
6815 56419 888
6815 56419 889
6815 56419 89
6815 56419 890
6815 56419 891
6815 56419 892
6815 56419 893
6815 56419 894
6815 56419 895
6815 56419 896
6815 56419 897
6815 56419 898
6815 56419 899
6815 56419 9
6815 56419 90
6815 56419 900
6815 56419 901
6815 56419 902
6815 56419 903
6815 56419 904
6815 56419 905
6815 56419 906
6815 56419 907
6815 56419 908
6815 56419 909
6815 56419 91
6815 56419 910
6815 56419 911
6815 56419 912
6815 56419 913
6815 56419 914
6815 56419 915
6815 56419 916
6815 56419 917
6815 56419 918
6815 56419 919
6815 56419 92
6815 56419 920
6815 56419 921
6815 56419 922
6815 56419 923
6815 56419 924
6815 56419 925
6815 56419 926
6815 56419 927
6815 56419 928
6815 56419 929
6815 56419 93
6815 56419 930
6815 56419 931
6815 56419 932
6815 56419 933
6815 56419 934
6815 56419 935
6815 56419 936
6815 56419 937
6815 56419 938
6815 56419 939
6815 56419 94
6815 56419 940
6815 56419 941
6815 56419 942
6815 56419 943
6815 56419 944
6815 56419 945
6815 56419 946
6815 56419 947
6815 56419 948
6815 56419 949
6815 56419 95
6815 56419 950
6815 56419 951
6815 56419 952
6815 56419 953
6815 56419 954
6815 56419 955
6815 56419 956
6815 56419 957
6815 56419 958
6815 56419 959
6815 56419 96
6815 56419 960
6815 56419 961
6815 56419 962
6815 56419 963
6815 56419 964
6815 56419 965
6815 56419 966
6815 56419 967
6815 56419 968
6815 56419 969
6815 56419 97
6815 56419 970
6815 56419 971
6815 56419 972
6815 56419 973
6815 56419 974
6815 56419 975
6815 56419 976
6815 56419 977
6815 56419 978
6815 56419 979
6815 56419 98
6815 56419 980
6815 56419 981
6815 56419 982
6815 56419 983
6815 56419 984
6815 56419 985
6815 56419 986
6815 56419 987
6815 56419 988
6815 56419 989
6815 56419 99
6815 56419 990
6815 56419 991
6815 56419 992
6815 56419 993
6815 56419 994
6815 56419 995
6815 56419 996
6815 56419 997
6815 56419 998
6815 56419 999
6417 56308 1
6417 56308 10
6417 56308 100
6417 56308 1000
6417 56308 101
6417 56308 102
6417 56308 103
6417 56308 104
6417 56308 105
6417 56308 106
6417 56308 107
6417 56308 108
6417 56308 109
6417 56308 11
6417 56308 110
6417 56308 111
6417 56308 112
6417 56308 113
6417 56308 114
6417 56308 115
6417 56308 116
6417 56308 117
6417 56308 118
6417 56308 119
6417 56308 12
6417 56308 120
6417 56308 121
6417 56308 122
6417 56308 123
6417 56308 124
6417 56308 125
6417 56308 126
6417 56308 127
6417 56308 128
6417 56308 129
6417 56308 13
6417 56308 130
6417 56308 131
6417 56308 132
6417 56308 133
6417 56308 134
6417 56308 135
6417 56308 136
6417 56308 137
6417 56308 138
6417 56308 139
6417 56308 14
6417 56308 140
6417 56308 141
6417 56308 142
6417 56308 143
6417 56308 144
6417 56308 145
6417 56308 146
6417 56308 147
6417 56308 148
6417 56308 149
6417 56308 15
6417 56308 150
6417 56308 151
6417 56308 152
6417 56308 153
6417 56308 154
6417 56308 155
6417 56308 156
6417 56308 157
6417 56308 158
6417 56308 159
6417 56308 16
6417 56308 160
6417 56308 161
6417 56308 162
6417 56308 163
6417 56308 164
6417 56308 165
6417 56308 166
6417 56308 167
6417 56308 168
6417 56308 169
6417 56308 17
6417 56308 170
6417 56308 171
6417 56308 172
6417 56308 173
6417 56308 174
6417 56308 175
6417 56308 176
6417 56308 177
6417 56308 178
6417 56308 179
6417 56308 18
6417 56308 180
6417 56308 181
6417 56308 182
6417 56308 183
6417 56308 184
6417 56308 185
6417 56308 186
6417 56308 187
6417 56308 188
6417 56308 189
6417 56308 19
6417 56308 190
6417 56308 191
6417 56308 192
6417 56308 193
6417 56308 194
6417 56308 195
6417 56308 196
6417 56308 197
6417 56308 198
6417 56308 199
6417 56308 2
6417 56308 20
6417 56308 200
6417 56308 201
6417 56308 202
6417 56308 203
6417 56308 204
6417 56308 205
6417 56308 206
6417 56308 207
6417 56308 208
6417 56308 209
6417 56308 21
6417 56308 210
6417 56308 211
6417 56308 212
6417 56308 213
6417 56308 214
6417 56308 215
6417 56308 216
6417 56308 217
6417 56308 218
6417 56308 219
6417 56308 22
6417 56308 220
6417 56308 221
6417 56308 222
6417 56308 223
6417 56308 224
6417 56308 225
6417 56308 226
6417 56308 227
6417 56308 228
6417 56308 229
6417 56308 23
6417 56308 230
6417 56308 231
6417 56308 232
6417 56308 233
6417 56308 234
6417 56308 235
6417 56308 236
6417 56308 237
6417 56308 238
6417 56308 239
6417 56308 24
6417 56308 240
6417 56308 241
6417 56308 242
6417 56308 243
6417 56308 244
6417 56308 245
6417 56308 246
6417 56308 247
6417 56308 248
6417 56308 249
6417 56308 25
6417 56308 250
6417 56308 251
6417 56308 252
6417 56308 253
6417 56308 254
6417 56308 255
6417 56308 256
6417 56308 257
6417 56308 258
6417 56308 259
6417 56308 26
6417 56308 260
6417 56308 261
6417 56308 262
6417 56308 263
6417 56308 264
6417 56308 265
6417 56308 266
6417 56308 267
6417 56308 268
6417 56308 269
6417 56308 27
6417 56308 270
6417 56308 271
6417 56308 272
6417 56308 273
6417 56308 274
6417 56308 275
6417 56308 276
6417 56308 277
6417 56308 278
6417 56308 279
6417 56308 28
6417 56308 280
6417 56308 281
6417 56308 282
6417 56308 283
6417 56308 284
6417 56308 285
6417 56308 286
6417 56308 287
6417 56308 288
6417 56308 289
6417 56308 29
6417 56308 290
6417 56308 291
6417 56308 292
6417 56308 293
6417 56308 294
6417 56308 295
6417 56308 296
6417 56308 297
6417 56308 298
6417 56308 299
6417 56308 3
6417 56308 30
6417 56308 300
6417 56308 301
6417 56308 302
6417 56308 303
6417 56308 304
6417 56308 305
6417 56308 306
6417 56308 307
6417 56308 308
6417 56308 309
6417 56308 31
6417 56308 310
6417 56308 311
6417 56308 312
6417 56308 313
6417 56308 314
6417 56308 315
6417 56308 316
6417 56308 317
6417 56308 318
6417 56308 319
6417 56308 32
6417 56308 320
6417 56308 321
6417 56308 322
6417 56308 323
6417 56308 324
6417 56308 325
6417 56308 326
6417 56308 327
6417 56308 328
6417 56308 329
6417 56308 33
6417 56308 330
6417 56308 331
6417 56308 332
6417 56308 333
6417 56308 334
6417 56308 335
6417 56308 336
6417 56308 337
6417 56308 338
6417 56308 339
6417 56308 34
6417 56308 340
6417 56308 341
6417 56308 342
6417 56308 343
6417 56308 344
6417 56308 345
6417 56308 346
6417 56308 347
6417 56308 348
6417 56308 349
6417 56308 35
6417 56308 350
6417 56308 351
6417 56308 352
6417 56308 353
6417 56308 354
6417 56308 355
6417 56308 356
6417 56308 357
6417 56308 358
6417 56308 359
6417 56308 36
6417 56308 360
6417 56308 361
6417 56308 362
6417 56308 363
6417 56308 364
6417 56308 365
6417 56308 366
6417 56308 367
6417 56308 368
6417 56308 369
6417 56308 37
6417 56308 370
6417 56308 371
6417 56308 372
6417 56308 373
6417 56308 374
6417 56308 375
6417 56308 376
6417 56308 377
6417 56308 378
6417 56308 379
6417 56308 38
6417 56308 380
6417 56308 381
6417 56308 382
6417 56308 383
6417 56308 384
6417 56308 385
6417 56308 386
6417 56308 387
6417 56308 388
6417 56308 389
6417 56308 39
6417 56308 390
6417 56308 391
6417 56308 392
6417 56308 393
6417 56308 394
6417 56308 395
6417 56308 396
6417 56308 397
6417 56308 398
6417 56308 399
6417 56308 4
6417 56308 40
6417 56308 400
6417 56308 401
6417 56308 402
6417 56308 403
6417 56308 404
6417 56308 405
6417 56308 406
6417 56308 407
6417 56308 408
6417 56308 409
6417 56308 41
6417 56308 410
6417 56308 411
6417 56308 412
6417 56308 413
6417 56308 414
6417 56308 415
6417 56308 416
6417 56308 417
6417 56308 418
6417 56308 419
6417 56308 42
6417 56308 420
6417 56308 421
6417 56308 422
6417 56308 423
6417 56308 424
6417 56308 425
6417 56308 426
6417 56308 427
6417 56308 428
6417 56308 429
6417 56308 43
6417 56308 430
6417 56308 431
6417 56308 432
6417 56308 433
6417 56308 434
6417 56308 435
6417 56308 436
6417 56308 437
6417 56308 438
6417 56308 439
6417 56308 44
6417 56308 440
6417 56308 441
6417 56308 442
6417 56308 443
6417 56308 444
6417 56308 445
6417 56308 446
6417 56308 447
6417 56308 448
6417 56308 449
6417 56308 45
6417 56308 450
6417 56308 451
6417 56308 452
6417 56308 453
6417 56308 454
6417 56308 455
6417 56308 456
6417 56308 457
6417 56308 458
6417 56308 459
6417 56308 46
6417 56308 460
6417 56308 461
6417 56308 462
6417 56308 463
6417 56308 464
6417 56308 465
6417 56308 466
6417 56308 467
6417 56308 468
6417 56308 469
6417 56308 47
6417 56308 470
6417 56308 471
6417 56308 472
6417 56308 473
6417 56308 474
6417 56308 475
6417 56308 476
6417 56308 477
6417 56308 478
6417 56308 479
6417 56308 48
6417 56308 480
6417 56308 481
6417 56308 482
6417 56308 483
6417 56308 484
6417 56308 485
6417 56308 486
6417 56308 487
6417 56308 488
6417 56308 489
6417 56308 49
6417 56308 490
6417 56308 491
6417 56308 492
6417 56308 493
6417 56308 494
6417 56308 495
6417 56308 496
6417 56308 497
6417 56308 498
6417 56308 499
6417 56308 5
6417 56308 50
6417 56308 500
6417 56308 501
6417 56308 502
6417 56308 503
6417 56308 504
6417 56308 505
6417 56308 506
6417 56308 507
6417 56308 508
6417 56308 509
6417 56308 51
6417 56308 510
6417 56308 511
6417 56308 512
6417 56308 513
6417 56308 514
6417 56308 515
6417 56308 516
6417 56308 517
6417 56308 518
6417 56308 519
6417 56308 52
6417 56308 520
6417 56308 521
6417 56308 522
6417 56308 523
6417 56308 524
6417 56308 525
6417 56308 526
6417 56308 527
6417 56308 528
6417 56308 529
6417 56308 53
6417 56308 530
6417 56308 531
6417 56308 532
6417 56308 533
6417 56308 534
6417 56308 535
6417 56308 536
6417 56308 537
6417 56308 538
6417 56308 539
6417 56308 54
6417 56308 540
6417 56308 541
6417 56308 542
6417 56308 543
6417 56308 544
6417 56308 545
6417 56308 546
6417 56308 547
6417 56308 548
6417 56308 549
6417 56308 55
6417 56308 550
6417 56308 551
6417 56308 552
6417 56308 553
6417 56308 554
6417 56308 555
6417 56308 556
6417 56308 557
6417 56308 558
6417 56308 559
6417 56308 56
6417 56308 560
6417 56308 561
6417 56308 562
6417 56308 563
6417 56308 564
6417 56308 565
6417 56308 566
6417 56308 567
6417 56308 568
6417 56308 569
6417 56308 57
6417 56308 570
6417 56308 571
6417 56308 572
6417 56308 573
6417 56308 574
6417 56308 575
6417 56308 576
6417 56308 577
6417 56308 578
6417 56308 579
6417 56308 58
6417 56308 580
6417 56308 581
6417 56308 582
6417 56308 583
6417 56308 584
6417 56308 585
6417 56308 586
6417 56308 587
6417 56308 588
6417 56308 589
6417 56308 59
6417 56308 590
6417 56308 591
6417 56308 592
6417 56308 593
6417 56308 594
6417 56308 595
6417 56308 596
6417 56308 597
6417 56308 598
6417 56308 599
6417 56308 6
6417 56308 60
6417 56308 600
6417 56308 601
6417 56308 602
6417 56308 603
6417 56308 604
6417 56308 605
6417 56308 606
6417 56308 607
6417 56308 608
6417 56308 609
6417 56308 61
6417 56308 610
6417 56308 611
6417 56308 612
6417 56308 613
6417 56308 614
6417 56308 615
6417 56308 616
6417 56308 617
6417 56308 618
6417 56308 619
6417 56308 62
6417 56308 620
6417 56308 621
6417 56308 622
6417 56308 623
6417 56308 624
6417 56308 625
6417 56308 626
6417 56308 627
6417 56308 628
6417 56308 629
6417 56308 63
6417 56308 630
6417 56308 631
6417 56308 632
6417 56308 633
6417 56308 634
6417 56308 635
6417 56308 636
6417 56308 637
6417 56308 638
6417 56308 639
6417 56308 64
6417 56308 640
6417 56308 641
6417 56308 642
6417 56308 643
6417 56308 644
6417 56308 645
6417 56308 646
6417 56308 647
6417 56308 648
6417 56308 649
6417 56308 65
6417 56308 650
6417 56308 651
6417 56308 652
6417 56308 653
6417 56308 654
6417 56308 655
6417 56308 656
6417 56308 657
6417 56308 658
6417 56308 659
6417 56308 66
6417 56308 660
6417 56308 661
6417 56308 662
6417 56308 663
6417 56308 664
6417 56308 665
6417 56308 666
6417 56308 667
6417 56308 668
6417 56308 669
6417 56308 67
6417 56308 670
6417 56308 671
6417 56308 672
6417 56308 673
6417 56308 674
6417 56308 675
6417 56308 676
6417 56308 677
6417 56308 678
6417 56308 679
6417 56308 68
6417 56308 680
6417 56308 681
6417 56308 682
6417 56308 683
6417 56308 684
6417 56308 685
6417 56308 686
6417 56308 687
6417 56308 688
6417 56308 689
6417 56308 69
6417 56308 690
6417 56308 691
6417 56308 692
6417 56308 693
6417 56308 694
6417 56308 695
6417 56308 696
6417 56308 697
6417 56308 698
6417 56308 699
6417 56308 7
6417 56308 70
6417 56308 700
6417 56308 701
6417 56308 702
6417 56308 703
6417 56308 704
6417 56308 705
6417 56308 706
6417 56308 707
6417 56308 708
6417 56308 709
6417 56308 71
6417 56308 710
6417 56308 711
6417 56308 712
6417 56308 713
6417 56308 714
6417 56308 715
6417 56308 716
6417 56308 717
6417 56308 718
6417 56308 719
6417 56308 72
6417 56308 720
6417 56308 721
6417 56308 722
6417 56308 723
6417 56308 724
6417 56308 725
6417 56308 726
6417 56308 727
6417 56308 728
6417 56308 729
6417 56308 73
6417 56308 730
6417 56308 731
6417 56308 732
6417 56308 733
6417 56308 734
6417 56308 735
6417 56308 736
6417 56308 737
6417 56308 738
6417 56308 739
6417 56308 74
6417 56308 740
6417 56308 741
6417 56308 742
6417 56308 743
6417 56308 744
6417 56308 745
6417 56308 746
6417 56308 747
6417 56308 748
6417 56308 749
6417 56308 75
6417 56308 750
6417 56308 751
6417 56308 752
6417 56308 753
6417 56308 754
6417 56308 755
6417 56308 756
6417 56308 757
6417 56308 758
6417 56308 759
6417 56308 76
6417 56308 760
6417 56308 761
6417 56308 762
6417 56308 763
6417 56308 764
6417 56308 765
6417 56308 766
6417 56308 767
6417 56308 768
6417 56308 769
6417 56308 77
6417 56308 770
6417 56308 771
6417 56308 772
6417 56308 773
6417 56308 774
6417 56308 775
6417 56308 776
6417 56308 777
6417 56308 778
6417 56308 779
4645 55623 10
4645 55623 100
4645 55623 1000
4645 55623 101
4645 55623 102
4645 55623 103
4645 55623 104
4645 55623 105
4645 55623 106
4645 55623 107
4645 55623 108
4645 55623 109
4645 55623 11
4645 55623 110
4645 55623 111
4645 55623 112
4645 55623 113
4645 55623 114
4645 55623 115
4645 55623 116
4645 55623 117
4645 55623 118
4645 55623 119
4645 55623 12
4645 55623 120
4645 55623 121
4645 55623 122
4645 55623 123
4645 55623 124
4645 55623 125
4645 55623 126
4645 55623 127
4645 55623 128
4645 55623 129
4645 55623 13
4645 55623 130
4645 55623 131
4645 55623 132
4645 55623 133
4645 55623 134
4645 55623 135
4645 55623 136
4645 55623 137
4645 55623 138
4645 55623 139
4645 55623 14
4645 55623 140
4645 55623 141
4645 55623 142
4645 55623 143
4645 55623 144
4645 55623 145
4645 55623 146
4645 55623 147
4645 55623 148
4645 55623 149
4645 55623 15
4645 55623 150
4645 55623 151
4645 55623 152
4645 55623 153
4645 55623 154
4645 55623 155
4645 55623 156
4645 55623 157
4645 55623 158
4645 55623 159
6417 56308 780
6417 56308 781
6417 56308 782
6417 56308 783
6417 56308 784
6417 56308 785
6417 56308 786
6417 56308 787
6417 56308 788
6417 56308 789
6417 56308 79
6417 56308 790
6417 56308 791
6417 56308 792
6417 56308 793
6417 56308 794
6417 56308 795
6417 56308 796
6417 56308 797
6417 56308 798
6417 56308 799
6417 56308 8
6417 56308 80
6417 56308 800
6417 56308 801
6417 56308 802
6417 56308 803
6417 56308 804
6417 56308 805
6417 56308 806
6417 56308 807
6417 56308 808
6417 56308 809
6417 56308 81
6417 56308 810
6417 56308 811
6417 56308 812
6417 56308 813
6417 56308 814
6417 56308 815
6417 56308 816
6417 56308 817
6417 56308 818
6417 56308 819
6417 56308 82
6417 56308 820
6417 56308 821
6417 56308 822
6417 56308 823
6417 56308 824
6417 56308 825
6417 56308 826
6417 56308 827
6417 56308 828
6417 56308 829
6417 56308 83
6417 56308 830
6417 56308 831
6417 56308 832
6417 56308 833
6417 56308 834
6417 56308 835
6417 56308 836
6417 56308 837
6417 56308 838
6417 56308 839
6417 56308 84
6417 56308 840
4645 55623 160
4645 55623 161
4645 55623 162
4645 55623 163
4645 55623 164
4645 55623 165
4645 55623 166
4645 55623 167
4645 55623 168
4645 55623 169
4645 55623 17
4645 55623 170
4645 55623 171
4645 55623 172
4645 55623 173
4645 55623 174
4645 55623 175
4645 55623 176
4645 55623 177
4645 55623 178
4645 55623 179
4645 55623 18
4645 55623 180
4645 55623 181
4645 55623 182
4645 55623 183
4645 55623 184
4645 55623 185
4645 55623 186
4645 55623 187
4645 55623 188
4645 55623 189
4645 55623 19
4645 55623 190
4645 55623 191
4645 55623 192
4645 55623 193
4645 55623 194
4645 55623 195
4645 55623 196
4645 55623 197
4645 55623 198
4645 55623 199
4645 55623 2
4645 55623 20
4645 55623 200
4645 55623 201
4645 55623 202
4645 55623 203
4645 55623 204
4645 55623 205
4645 55623 206
4645 55623 207
4645 55623 208
4645 55623 209
4645 55623 21
4645 55623 210
4645 55623 211
4645 55623 212
4645 55623 213
4645 55623 214
4645 55623 215
4645 55623 216
4645 55623 217
4645 55623 218
4645 55623 219
4645 55623 22
4645 55623 220
5023 55858 10
5023 55858 100
5023 55858 1000
5023 55858 101
5023 55858 102
5023 55858 103
5023 55858 104
5023 55858 105
5023 55858 106
5023 55858 107
5023 55858 108
5023 55858 109
5023 55858 11
5023 55858 110
5023 55858 111
5023 55858 112
5023 55858 113
5023 55858 114
5023 55858 115
5023 55858 116
5023 55858 117
5023 55858 118
5023 55858 119
5023 55858 12
5023 55858 120
5023 55858 121
5023 55858 122
5023 55858 123
5023 55858 124
5023 55858 125
5023 55858 126
5023 55858 127
5023 55858 128
5023 55858 129
5023 55858 13
5023 55858 130
5023 55858 131
5023 55858 132
5023 55858 133
5023 55858 134
5023 55858 135
5023 55858 136
5023 55858 137
5023 55858 138
5023 55858 139
5023 55858 14
5023 55858 140
5023 55858 141
5023 55858 142
5023 55858 143
5023 55858 144
5023 55858 145
5023 55858 146
5023 55858 147
5023 55858 148
5023 55858 149
5023 55858 15
5023 55858 150
5023 55858 151
5023 55858 152
5023 55858 153
5023 55858 154
5023 55858 155
5023 55858 156
5023 55858 157
5023 55858 158
5023 55858 159
4645 55623 222
4645 55623 223
4645 55623 224
4645 55623 225
4645 55623 226
4645 55623 227
4645 55623 228
4645 55623 229
4645 55623 23
4645 55623 230
4645 55623 231
4645 55623 232
4645 55623 233
4645 55623 234
4645 55623 235
4645 55623 236
4645 55623 237
4645 55623 238
4645 55623 239
4645 55623 24
4645 55623 240
4645 55623 241
4645 55623 242
4645 55623 243
4645 55623 244
4645 55623 245
4645 55623 246
4645 55623 247
4645 55623 248
4645 55623 249
4645 55623 25
4645 55623 250
4645 55623 251
4645 55623 252
4645 55623 253
4645 55623 254
4645 55623 255
4645 55623 256
4645 55623 257
4645 55623 258
4645 55623 259
4645 55623 26
4645 55623 260
4645 55623 261
4645 55623 262
4645 55623 263
4645 55623 264
4645 55623 265
4645 55623 266
4645 55623 267
4645 55623 268
4645 55623 269
4645 55623 27
4645 55623 270
4645 55623 271
4645 55623 272
4645 55623 273
4645 55623 274
4645 55623 275
4645 55623 276
4645 55623 277
4645 55623 278
4645 55623 279
4645 55623 28
4645 55623 280
4645 55623 281
4645 55623 282
4645 55623 283
5023 55858 160
5023 55858 161
5023 55858 162
5023 55858 163
5023 55858 164
5023 55858 165
5023 55858 166
5023 55858 167
5023 55858 168
5023 55858 169
5023 55858 17
5023 55858 170
5023 55858 171
5023 55858 172
5023 55858 173
5023 55858 174
5023 55858 175
5023 55858 176
5023 55858 177
5023 55858 178
5023 55858 179
5023 55858 18
5023 55858 180
5023 55858 181
5023 55858 182
5023 55858 183
5023 55858 184
5023 55858 185
5023 55858 186
5023 55858 187
5023 55858 188
5023 55858 189
5023 55858 19
5023 55858 190
5023 55858 191
5023 55858 192
5023 55858 193
5023 55858 194
5023 55858 195
5023 55858 196
5023 55858 197
5023 55858 198
5023 55858 199
5023 55858 2
5023 55858 20
5023 55858 200
5023 55858 201
5023 55858 202
5023 55858 203
5023 55858 204
5023 55858 205
5023 55858 206
5023 55858 207
5023 55858 208
5023 55858 209
5023 55858 21
5023 55858 210
5023 55858 211
5023 55858 212
5023 55858 213
5023 55858 214
5023 55858 215
5023 55858 216
5023 55858 217
5023 55858 218
5023 55858 219
5023 55858 22
5023 55858 220
4645 55623 285
4645 55623 286
4645 55623 287
4645 55623 288
4645 55623 289
4645 55623 29
4645 55623 290
4645 55623 291
4645 55623 292
4645 55623 293
4645 55623 294
4645 55623 295
4645 55623 296
4645 55623 297
4645 55623 298
4645 55623 299
4645 55623 3
4645 55623 30
4645 55623 300
4645 55623 301
4645 55623 302
4645 55623 303
4645 55623 304
4645 55623 305
4645 55623 306
4645 55623 307
4645 55623 308
4645 55623 309
4645 55623 31
4645 55623 310
4645 55623 311
4645 55623 312
4645 55623 313
4645 55623 314
4645 55623 315
4645 55623 316
4645 55623 317
4645 55623 318
4645 55623 319
4645 55623 32
4645 55623 320
4645 55623 321
4645 55623 322
4645 55623 323
4645 55623 324
4645 55623 325
4645 55623 326
4645 55623 327
4645 55623 328
4645 55623 329
4645 55623 33
4645 55623 330
4645 55623 331
4645 55623 332
4645 55623 333
4645 55623 334
4645 55623 335
4645 55623 336
4645 55623 337
4645 55623 338
4645 55623 339
4645 55623 34
4645 55623 340
4645 55623 341
4645 55623 342
4645 55623 343
4645 55623 344
4645 55623 345
5023 55858 222
5023 55858 223
5023 55858 224
5023 55858 225
5023 55858 226
5023 55858 227
5023 55858 228
5023 55858 229
5023 55858 23
5023 55858 230
5023 55858 231
5023 55858 232
5023 55858 233
5023 55858 234
5023 55858 235
5023 55858 236
5023 55858 237
5023 55858 238
5023 55858 239
5023 55858 24
5023 55858 240
5023 55858 241
5023 55858 242
5023 55858 243
5023 55858 244
5023 55858 245
5023 55858 246
5023 55858 247
5023 55858 248
5023 55858 249
5023 55858 25
5023 55858 250
5023 55858 251
5023 55858 252
5023 55858 253
5023 55858 254
5023 55858 255
5023 55858 256
5023 55858 257
5023 55858 258
5023 55858 259
5023 55858 26
5023 55858 260
5023 55858 261
5023 55858 262
5023 55858 263
5023 55858 264
5023 55858 265
5023 55858 266
5023 55858 267
5023 55858 268
5023 55858 269
5023 55858 27
5023 55858 270
5023 55858 271
5023 55858 272
5023 55858 273
5023 55858 274
5023 55858 275
5023 55858 276
5023 55858 277
5023 55858 278
5023 55858 279
5023 55858 28
5023 55858 280
5023 55858 281
5023 55858 282
5023 55858 283
5023645 55623 346
4645 55623 347
4645 55623 348
4645 55623 349
4645 55623 35
4645 55623 350
4645 55623 351
4645 55623 352
4645 55623 353
4645 55623 354
4645 55623 355
4645 55623 356
4645 55623 357
4645 55623 358
4645 55623 359
4645 55623 36
4645 55623 360
4645 55623 361
4645 55623 362
4645 55623 363
4645 55623 364
4645 55623 365
4645 55623 366
4645 55623 367
4645 55623 368
4645 55623 369
4645 55623 37
4645 55623 370
4645 55623 371
4645 55623 372
4645 55623 373
4645 55623 374
4645 55623 375
4645 55623 376
4645 55623 377
4645 55623 378
4645 55623 379
4645 55623 38
4645 55623 380
4645 55623 381
4645 55623 382
4645 55623 383
4645 55623 384
4645 55623 385
4645 55623 386
4645 55623 387
4645 55623 388
4645 55623 389
4645 55623 39
4645 55623 390
4645 55623 391
4645 55623 392
4645 55623 393
4645 55623 394
4645 55623 395
4645 55623 396
4645 55623 397
4645 55623 398
4645 55623 399
4645 55623 4
4645 55623 40
4645 55623 400
4645 55623 401
4645 55623 402
4645 55623 403
4645 55623 404
4645 55623 405
4645 55623 406
5023 55858 285
5023 55858 286
5023 55858 287
5023 55858 288
5023 55858 289
5023 55858 29
5023 55858 290
5023 55858 291
5023 55858 292
5023 55858 293
5023 55858 294
5023 55858 295
5023 55858 296
5023 55858 297
5023 55858 298
5023 55858 299
5023 55858 3
5023 55858 30
5023 55858 300
5023 55858 301
5023 55858 302
5023 55858 303
5023 55858 304
5023 55858 305
5023 55858 306
5023 55858 307
5023 55858 308
5023 55858 309
5023 55858 31
5023 55858 310
5023 55858 311
5023 55858 312
5023 55858 313
5023 55858 314
5023 55858 315
5023 55858 316
5023 55858 317
5023 55858 318
5023 55858 319
5023 55858 32
5023 55858 320
5023 55858 321
5023 55858 322
5023 55858 323
5023 55858 324
5023 55858 325
5023 55858 326
5023 55858 327
5023 55858 328
5023 55858 329
5023 55858 33
5023 55858 330
5023 55858 331
5023 55858 332
5023 55858 333
5023 55858 334
5023 55858 335
5023 55858 336
5023 55858 337
5023 55858 338
5023 55858 339
5023 55858 34
5023 55858 340
5023 55858 341
5023 55858 342
5023 55858 343
5023 55858 344
5023 55858 345
4645 55623 408
4645 55623 409
4645 55623 41
4645 55623 410
4645 55623 411
4645 55623 412
4645 55623 413
4645 55623 414
4645 55623 415
4645 55623 416
4645 55623 417
4645 55623 418
4645 55623 419
4645 55623 42
4645 55623 420
4645 55623 421
4645 55623 422
4645 55623 423
4645 55623 424
4645 55623 425
4645 55623 426
4645 55623 427
4645 55623 428
4645 55623 429
4645 55623 43
4645 55623 430
4645 55623 431
4645 55623 432
4645 55623 433
4645 55623 434
4645 55623 435
4645 55623 436
4645 55623 437
4645 55623 438
4645 55623 439
4645 55623 44
4645 55623 440
4645 55623 441
4645 55623 442
4645 55623 443
4645 55623 444
4645 55623 445
4645 55623 446
4645 55623 447
4645 55623 448
4645 55623 449
4645 55623 45
4645 55623 450
4645 55623 451
4645 55623 452
4645 55623 453
4645 55623 454
4645 55623 455
4645 55623 456
4645 55623 457
4645 55623 458
4645 55623 459
4645 55623 46
4645 55623 460
4645 55623 461
4645 55623 462
4645 55623 463
4645 55623 464
4645 55623 465
4645 55623 466
4645 55623 467
4645 55623 468
4645 55623 469
5023 55858 347
5023 55858 348
5023 55858 349
5023 55858 35
5023 55858 350
5023 55858 351
5023 55858 352
5023 55858 353
5023 55858 354
5023 55858 355
5023 55858 356
5023 55858 357
5023 55858 358
5023 55858 359
5023 55858 36
5023 55858 360
5023 55858 361
5023 55858 362
5023 55858 363
5023 55858 364
5023 55858 365
5023 55858 366
5023 55858 367
5023 55858 368
5023 55858 369
5023 55858 37
5023 55858 370
5023 55858 371
5023 55858 372
5023 55858 373
5023 55858 374
5023 55858 375
5023 55858 376
5023 55858 377
5023 55858 378
5023 55858 379
5023 55858 38
5023 55858 380
5023 55858 381
5023 55858 382
5023 55858 383
5023 55858 384
5023 55858 385
5023 55858 386
5023 55858 387
5023 55858 388
5023 55858 389
5023 55858 39
5023 55858 390
5023 55858 391
5023 55858 392
5023 55858 393
5023 55858 394
5023 55858 395
5023 55858 396
5023 55858 397
5023 55858 398
5023 55858 399
5023 55858 4
5023 55858 40
5023 55858 400
5023 55858 401
5023 55858 402
5023 55858 403
5023 55858 404
5023 55858 405
5023 55858 406
5023 55858 407
5023 55858 408
5023 55858 409
5023 55858 41
5023 55858 410
5023 55858 411
5023 55858 412
5023 55858 413
5023 55858 414
5023 55858 415
5023 55858 416
5023 55858 417
5023 55858 418
5023 55858 419
5023 55858 42
5023 55858 420
5023 55858 421
5023 55858 422
5023 55858 423
5023 55858 424
5023 55858 425
5023 55858 426
5023 55858 427
5023 55858 428
5023 55858 429
5023 55858 43
5023 55858 430
5023 55858 431
5023 55858 432
5023 55858 433
5023 55858 434
5023 55858 435
5023 55858 436
5023 55858 437
5023 55858 438
5023 55858 439
5023 55858 44
5023 55858 440
5023 55858 441
5023 55858 442
5023 55858 443
5023 55858 444
5023 55858 445
5023 55858 446
5023 55858 447
5023 55858 448
5023 55858 449
5023 55858 45
5023 55858 450
5023 55858 451
5023 55858 452
5023 55858 453
5023 55858 454
5023 55858 455
5023 55858 456
5023 55858 457
5023 55858 458
5023 55858 459
5023 55858 46
5023 55858 460
5023 55858 461
5023 55858 462
5023 55858 463
5023 55858 464
5023 55858 465
5023 55858 466
5023 55858 467
5023 55858 468
5023 55858 469
5023 55858 47
5023 55858 470
5023 55858 471
5023 55858 472
5023 55858 473
5023 55858 474
5023 55858 475
5023 55858 476
5023 55858 477
5023 55858 478
5023 55858 479
5023 55858 48
5023 55858 480
5023 55858 481
5023 55858 482
5023 55858 483
5023 55858 484
5023 55858 485
5023 55858 486
5023 55858 487
5023 55858 488
5023 55858 489
5023 55858 49
5023 55858 490
5023 55858 491
5023 55858 492
5023 55858 493
5023 55858 494
5023 55858 495
5023 55858 496
5023 55858 497
5023 55858 498
5023 55858 499
5023 55858 5
5023 55858 50
5023 55858 500
5023 55858 501
5023 55858 502
5023 55858 503
5023 55858 504
5023 55858 505
5023 55858 506
5023 55858 507
5023 55858 508
5023 55858 509
5023 55858 51
5023 55858 510
5023 55858 511
5023 55858 512
5023 55858 513
5023 55858 514
5023 55858 515
5023 55858 516
5023 55858 517
5023 55858 518
5023 55858 519
5023 55858 52
5023 55858 520
5023 55858 521
5023 55858 522
5023 55858 523
5023 55858 524
5023 55858 525
5023 55858 526
5023 55858 527
5023 55858 528
5023 55858 529
5023 55858 53
5023 55858 530
5023 55858 531
5023 55858 532
5023 55858 533
5023 55858 534
5023 55858 535
5023 55858 536
5023 55858 537
5023 55858 538
5023 55858 539
5023 55858 54
5023 55858 540
5023 55858 541
5023 55858 542
5023 55858 543
5023 55858 544
5023 55858 545
5023 55858 546
5023 55858 547
5023 55858 548
5023 55858 549
5023 55858 55
5023 55858 550
5023 55858 551
5023 55858 552
5023 55858 553
5023 55858 554
5023 55858 555
5023 55858 556
5023 55858 557
5023 55858 558
5023 55858 559
5023 55858 56
5023 55858 560
5023 55858 561
5023 55858 562
5023 55858 563
5023 55858 564
5023 55858 565
5023 55858 566
5023 55858 567
5023 55858 568
5023 55858 569
5023 55858 57
5023 55858 570
5023 55858 571
5023 55858 572
5023 55858 573
5023 55858 574
5023 55858 575
5023 55858 576
5023 55858 577
5023 55858 578
5023 55858 579
5023 55858 58
5023 55858 580
5023 55858 581
5023 55858 582
5023 55858 583
5023 55858 584
5023 55858 585
5023 55858 586
5023 55858 587
5023 55858 588
5023 55858 589
5023 55858 59
5023 55858 590
5023 55858 591
5023 55858 592
5023 55858 593
5023 55858 594
5023 55858 595
5023 55858 596
5023 55858 597
5023 55858 598
5023 55858 599
5023 55858 6
5023 55858 60
5023 55858 600
5023 55858 601
5023 55858 602
5023 55858 603
5023 55858 604
5023 55858 605
5023 55858 606
5023 55858 607
5023 55858 608
5023 55858 609
5023 55858 61
5023 55858 610
5023 55858 611
5023 55858 612
5023 55858 613
5023 55858 614
5023 55858 615
5023 55858 616
5023 55858 617
5023 55858 618
5023 55858 619
5023 55858 62
5023 55858 620
5023 55858 621
5023 55858 622
5023 55858 623
5023 55858 624
5023 55858 625
5023 55858 626
5023 55858 627
5023 55858 628
5023 55858 629
5023 55858 63
5023 55858 630
5023 55858 631
5023 55858 632
5023 55858 633
5023 55858 634
5023 55858 635
5023 55858 636
5023 55858 637
5023 55858 638
5023 55858 639
5023 55858 64
5023 55858 640
5023 55858 641
5023 55858 642
5023 55858 643
5023 55858 644
5023 55858 645
5023 55858 646
5023 55858 647
5023 55858 648
5023 55858 649
5023 55858 65
5023 55858 650
5023 55858 651
5023 55858 652
5023 55858 653
5023 55858 654
5023 55858 655
5023 55858 656
5023 55858 657
5023 55858 658
5023 55858 659
5023 55858 66
5023 55858 660
5023 55858 661
5023 55858 662
5023 55858 663
5023 55858 664
5023 55858 665
5023 55858 666
5023 55858 667
5023 55858 668
5023 55858 669
5023 55858 67
5023 55858 670
5023 55858 671
5023 55858 672
5023 55858 673
5023 55858 674
5023 55858 675
5023 55858 676
5023 55858 677
5023 55858 678
5023 55858 679
5023 55858 68
5023 55858 680
5023 55858 681
5023 55858 682
5023 55858 683
5023 55858 684
5023 55858 685
5023 55858 686
5023 55858 687
5023 55858 688
5023 55858 689
5023 55858 69
5023 55858 690
5023 55858 691
5023 55858 692
5023 55858 693
5023 55858 694
5023 55858 695
5023 55858 696
5023 55858 697
5023 55858 698
5023 55858 699
5023 55858 7
5023 55858 70
5023 55858 700
5023 55858 701
5023 55858 702
5023 55858 703
5023 55858 704
5023 55858 705
5023 55858 706
5023 55858 707
5023 55858 708
5023 55858 709
5023 55858 71
5023 55858 710
5023 55858 711
5023 55858 712
5023 55858 713
5023 55858 714
5023 55858 715
5023 55858 716
5023 5585823 47
4645 55623 470
4645 55623 471
4645 55623 472
4645 55623 473
4645 55623 474
4645 55623 475
4645 55623 476
4645 55623 477
4645 55623 478
4645 55623 479
4645 55623 48
4645 55623 480
4645 55623 481
4645 55623 482
4645 55623 483
4645 55623 484
4645 55623 485
4645 55623 486
4645 55623 487
4645 55623 488
4645 55623 489
4645 55623 49
4645 55623 490
4645 55623 491
4645 55623 492
4645 55623 493
4645 55623 494
4645 55623 495
4645 55623 496
4645 55623 497
4645 55623 498
4645 55623 499
4645 55623 5
4645 55623 50
4645 55623 500
4645 55623 501
4645 55623 502
4645 55623 503
4645 55623 504
4645 55623 505
4645 55623 506
4645 55623 507
4645 55623 508
4645 55623 509
4645 55623 51
4645 55623 510
4645 55623 511
4645 55623 512
4645 55623 513
4645 55623 514
4645 55623 515
4645 55623 516
4645 55623 517
4645 55623 518
4645 55623 519
4645 55623 52
4645 55623 520
4645 55623 521
4645 55623 522
4645 55623 523
4645 55623 524
4645 55623 525
4645 55623 526
4645 55623 527
4645 55623 528
4645 55623 529
4645 55623 53
4645 55623 530
4645 5 717
5023 55858 718
5023 55858 719
5023 55858 72
5023 55858 720
5023 55858 721
5023 55858 722
5023 55858 723
5023 55858 724
5023 55858 725
5023 55858 726
5023 55858 727
5023 55858 728
5023 55858 729
5023 55858 73
5023 55858 730
5023 55858 731
5023 55858 732
5023 55858 733
5023 55858 734
5023 55858 735
5023 55858 736
5023 55858 737
5023 55858 738
5023 55858 739
5023 55858 74
5023 55858 740
5023 55858 741
5023 55858 742
5023 55858 743
5023 55858 744
5023 55858 745
5023 55858 746
5023 55858 747
5023 55858 748
5023 55858 749
5023 55858 75
5023 55858 750
5023 55858 751
5023 55858 752
5023 55858 753
5023 55858 754
5023 55858 755
5023 55858 756
5023 55858 757
5023 55858 758
5023 55858 759
5023 55858 76
5023 55858 760
5023 55858 761
5023 55858 762
5023 55858 763
5023 55858 764
5023 55858 765
5023 55858 766
5023 55858 767
5023 55858 768
5023 55858 769
5023 55858 77
5023 55858 770
5023 55858 771
5023 55858 772
5023 55858 773
5023 55858 774
5023 55858 775
5023 55858 776
5023 55858 777
5023 55858 778
5023 55858 779
5023 5623 531
4645 55623 532
4645 55623 533
4645 55623 534
4645 55623 535
4645 55623 536
4645 55623 537
4645 55623 538
4645 55623 539
4645 55623 54
4645 55623 540
4645 55623 541
4645 55623 542
4645 55623 543
4645 55623 544
4645 55623 545
4645 55623 546
4645 55623 547
4645 55623 548
4645 55623 549
4645 55623 55
4645 55623 550
4645 55623 551
4645 55623 552
4645 55623 553
4645 55623 554
4645 55623 555
4645 55623 556
4645 55623 557
4645 55623 558
4645 55623 559
4645 55623 56
4645 55623 560
4645 55623 561
4645 55623 562
4645 55623 563
4645 55623 564
4645 55623 565
4645 55623 566
4645 55623 567
4645 55623 568
4645 55623 569
4645 55623 57
4645 55623 570
4645 55623 571
4645 55623 572
4645 55623 573
4645 55623 574
4645 55623 575
4645 55623 576
4645 55623 577
4645 55623 578
4645 55623 579
4645 55623 58
4645 55623 580
4645 55623 581
4645 55623 582
4645 55623 583
4645 55623 584
4645 55623 585
4645 55623 586
4645 55623 587
4645 55623 588
4645 55623 589
4645 55623 59
4645 55623 590
4645 55623 591
4645 55623 592
4645 55623 593
5023 55858 780
5023 55858 781
5023 55858 782
5023 55858 783
5023 55858 784
5023 55858 785
5023 55858 786
5023 55858 787
5023 55858 788
5023 55858 789
5023 55858 79
5023 55858 790
5023 55858 791
5023 55858 792
5023 55858 793
5023 55858 794
5023 55858 795
5023 55858 796
5023 55858 797
5023 55858 798
5023 55858 799
5023 55858 8
5023 55858 80
5023 55858 800
5023 55858 801
5023 55858 802
5023 55858 803
5023 55858 804
5023 55858 805
5023 55858 806
5023 55858 807
5023 55858 808
5023 55858 809
5023 55858 81
5023 55858 810
5023 55858 811
5023 55858 812
5023 55858 813
5023 55858 814
5023 55858 815
5023 55858 816
5023 55858 817
5023 55858 818
5023 55858 819
5023 55858 82
5023 55858 820
5023 55858 821
5023 55858 822
5023 55858 823
5023 55858 824
5023 55858 825
5023 55858 826
5023 55858 827
5023 55858 828
5023 55858 829
5023 55858 83
5023 55858 830
5023 55858 831
5023 55858 832
5023 55858 833
5023 55858 834
5023 55858 835
5023 55858 836
5023 55858 837
5023 55858 838
5023 55858 839
5023 55858 84
5023 55858 840
502645 55623 594
4645 55623 595
4645 55623 596
4645 55623 597
4645 55623 598
4645 55623 599
4645 55623 6
4645 55623 60
4645 55623 600
4645 55623 601
4645 55623 602
4645 55623 603
4645 55623 604
4645 55623 605
4645 55623 606
4645 55623 607
4645 55623 608
4645 55623 609
4645 55623 61
4645 55623 610
4645 55623 611
4645 55623 612
4645 55623 613
4645 55623 614
4645 55623 615
4645 55623 616
4645 55623 617
4645 55623 618
4645 55623 619
4645 55623 62
4645 55623 620
4645 55623 621
4645 55623 622
4645 55623 623
4645 55623 624
4645 55623 625
4645 55623 626
4645 55623 627
4645 55623 628
4645 55623 629
4645 55623 63
4645 55623 630
4645 55623 631
4645 55623 632
4645 55623 633
4645 55623 634
4645 55623 635
4645 55623 636
4645 55623 637
4645 55623 638
4645 55623 639
4645 55623 64
4645 55623 640
4645 55623 641
4645 55623 642
4645 55623 643
4645 55623 644
4645 55623 645
4645 55623 646
4645 55623 647
4645 55623 648
4645 55623 649
4645 55623 65
4645 55623 650
4645 55623 651
4645 55623 652
4645 55623 653
4645 55623 654
6417 56308 842
6417 56308 843
6417 56308 844
6417 56308 845
6417 56308 846
6417 56308 847
6417 56308 848
6417 56308 849
6417 56308 85
6417 56308 850
6417 56308 851
6417 56308 852
6417 56308 853
6417 56308 854
6417 56308 855
6417 56308 856
6417 56308 857
6417 56308 858
6417 56308 859
6417 56308 86
6417 56308 860
6417 56308 861
6417 56308 862
6417 56308 863
6417 56308 864
6417 56308 865
6417 56308 866
6417 56308 867
6417 56308 868
6417 56308 869
6417 56308 87
6417 56308 870
6417 56308 871
6417 56308 872
6417 56308 873
6417 56308 874
6417 56308 875
6417 56308 876
6417 56308 877
6417 56308 878
6417 56308 879
6417 56308 88
6417 56308 880
6417 56308 881
6417 56308 882
6417 56308 883
6417 56308 884
6417 56308 885
6417 56308 886
6417 56308 887
6417 56308 888
6417 56308 889
6417 56308 89
6417 56308 890
6417 56308 891
6417 56308 892
6417 56308 893
6417 56308 894
6417 56308 895
6417 56308 896
6417 56308 897
6417 56308 898
6417 56308 899
6417 56308 9
6417 56308 90
6417 56308 900
6417 56308 901
6417 56308 902
4645 55623 656
4645 55623 657
4645 55623 658
4645 55623 659
4645 55623 66
4645 55623 660
4645 55623 661
4645 55623 662
4645 55623 663
4645 55623 664
4645 55623 665
4645 55623 666
4645 55623 667
4645 55623 668
4645 55623 669
4645 55623 67
4645 55623 670
4645 55623 671
4645 55623 672
4645 55623 673
4645 55623 674
4645 55623 675
4645 55623 676
4645 55623 677
4645 55623 678
4645 55623 679
4645 55623 68
4645 55623 680
4645 55623 681
4645 55623 682
4645 55623 683
4645 55623 684
4645 55623 685
4645 55623 686
4645 55623 687
4645 55623 688
4645 55623 689
4645 55623 69
4645 55623 690
4645 55623 691
4645 55623 692
4645 55623 693
4645 55623 694
4645 55623 695
4645 55623 696
4645 55623 697
4645 55623 698
4645 55623 699
4645 55623 7
4645 55623 70
4645 55623 700
4645 55623 701
4645 55623 702
4645 55623 703
4645 55623 704
4645 55623 705
4645 55623 706
4645 55623 707
4645 55623 708
4645 55623 709
4645 55623 71
4645 55623 710
4645 55623 711
4645 55623 712
4645 55623 713
4645 55623 714
4645 55623 715
4645 55623 716
6417 56308 904
6417 56308 905
6417 56308 906
6417 56308 907
6417 56308 908
6417 56308 909
6417 56308 91
6417 56308 910
6417 56308 911
6417 56308 912
6417 56308 913
6417 56308 914
6417 56308 915
6417 56308 916
6417 56308 917
6417 56308 918
6417 56308 919
6417 56308 92
6417 56308 920
6417 56308 921
6417 56308 922
6417 56308 923
6417 56308 924
6417 56308 925
6417 56308 926
6417 56308 927
6417 56308 928
6417 56308 929
6417 56308 93
6417 56308 930
6417 56308 931
6417 56308 932
6417 56308 933
6417 56308 934
6417 56308 935
6417 56308 936
6417 56308 937
6417 56308 938
6417 56308 939
6417 56308 94
6417 56308 940
6417 56308 941
6417 56308 942
6417 56308 943
6417 56308 944
6417 56308 945
6417 56308 946
6417 56308 947
6417 56308 948
6417 56308 949
6417 56308 95
6417 56308 950
6417 56308 951
6417 56308 952
6417 56308 953
6417 56308 954
6417 56308 955
6417 56308 956
6417 56308 957
6417 56308 958
6417 56308 959
6417 56308 96
6417 56308 960
6417 56308 961
6417 56308 962
6417 56308 963
6417 56308 964
6417 56308 717
4645 55623 718
4645 55623 719
4645 55623 72
4645 55623 720
4645 55623 721
4645 55623 722
4645 55623 723
4645 55623 724
4645 55623 725
4645 55623 726
4645 55623 727
4645 55623 728
4645 55623 729
4645 55623 73
4645 55623 730
4645 55623 731
4645 55623 732
4645 55623 733
4645 55623 734
4645 55623 735
4645 55623 736
4645 55623 737
4645 55623 738
4645 55623 739
4645 55623 74
4645 55623 740
4645 55623 741
4645 55623 742
4645 55623 743
4645 55623 744
4645 55623 745
4645 55623 746
4645 55623 747
4645 55623 748
4645 55623 749
4645 55623 75
4645 55623 750
4645 55623 751
4645 55623 752
4645 55623 753
4645 55623 754
4645 55623 755
4645 55623 756
4645 55623 757
4645 55623 758
4645 55623 759
4645 55623 76
4645 55623 760
4645 55623 761
4645 55623 762
4645 55623 763
4645 55623 764
4645 55623 765
4645 55623 766
4645 55623 767
4645 55623 768
4645 55623 769
4645 55623 77
4645 55623 770
4645 55623 771
4645 55623 772
4645 55623 773
4645 55623 774
4645 55623 775
4645 55623 776
4645 55623 777
4645 55623 778
4645 55623 779
4645  965
6417 56308 966
6417 56308 967
6417 56308 968
6417 56308 969
6417 56308 97
6417 56308 970
6417 56308 971
6417 56308 972
6417 56308 973
6417 56308 974
6417 56308 975
6417 56308 976
6417 56308 977
6417 56308 978
6417 56308 979
6417 56308 98
6417 56308 980
6417 56308 981
6417 56308 982
6417 56308 983
6417 56308 984
6417 56308 985
6417 56308 986
6417 56308 987
6417 56308 988
6417 56308 989
6417 56308 99
6417 56308 990
6417 56308 991
6417 56308 992
6417 56308 993
6417 56308 994
6417 56308 995
6417 56308 996
6417 56308 997
6417 56308 998
6417 56308 999
4645 55623 780
4645 55623 781
4645 55623 782
4645 55623 783
4645 55623 784
4645 55623 785
4645 55623 786
4645 55623 787
4645 55623 788
4645 55623 789
4645 55623 79
4645 55623 790
4645 55623 791
4645 55623 792
4645 55623 793
4645 55623 794
4645 55623 795
4645 55623 796
4645 55623 797
4645 55623 798
4645 55623 799
4645 55623 8
4645 55623 80
4645 55623 800
4645 55623 801
4645 55623 802
4645 55623 803
4645 55623 804
4645 55623 805
4645 55623 806
4645 55623 807
4645 55623 808
4645 55623 809
4645 55623 81
4645 55623 810
4645 55623 811
4645 55623 812
4645 55623 813
4645 55623 814
4645 55623 815
4645 55623 816
4645 55623 817
4645 55623 818
4645 55623 819
4645 55623 82
4645 55623 820
4645 55623 821
4645 55623 822
4645 55623 823
4645 55623 824
4645 55623 825
4645 55623 826
4645 55623 827
4645 55623 828
4645 55623 829
4645 55623 83
4645 55623 830
4645 55623 831
4645 55623 832
4645 55623 833
4645 55623 834
4645 55623 835
4645 55623 836
4645 55623 837
4645 55623 838
4645 55623 839
4645 55623 84
4645 55623 840
4643 55858 841
5023 55858 842
5023 55858 843
5023 55858 844
5023 55858 845
5023 55858 846
5023 55858 847
5023 55858 848
5023 55858 849
5023 55858 85
5023 55858 850
5023 55858 851
5023 55858 852
5023 55858 853
5023 55858 854
5023 55858 855
5023 55858 856
5023 55858 857
5023 55858 858
5023 55858 859
5023 55858 86
5023 55858 860
5023 55858 861
5023 55858 862
5023 55858 863
5023 55858 864
5023 55858 865
5023 55858 866
5023 55858 867
5023 55858 868
5023 55858 869
5023 55858 87
5023 55858 870
5023 55858 871
5023 55858 872
5023 55858 873
5023 55858 874
5023 55858 875
5023 55858 876
5023 55858 877
5023 55858 878
5023 55858 879
5023 55858 88
5023 55858 880
5023 55858 881
5023 55858 882
5023 55858 883
5023 55858 884
5023 55858 885
5023 55858 886
5023 55858 887
5023 55858 888
5023 55858 889
5023 55858 89
5023 55858 890
5023 55858 891
5023 55858 892
5023 55858 893
5023 55858 894
5023 55858 895
5023 55858 896
5023 55858 897
5023 55858 898
5023 55858 899
5023 55858 9
5023 55858 90
5023 55858 900
5023 55858 901
5023 55858 902
5 55623 841
4645 55623 842
4645 55623 843
4645 55623 844
4645 55623 845
4645 55623 846
4645 55623 847
4645 55623 848
4645 55623 849
4645 55623 85
4645 55623 850
4645 55623 851
4645 55623 852
4645 55623 853
4645 55623 854
4645 55623 855
4645 55623 856
4645 55623 857
4645 55623 858
4645 55623 859
4645 55623 86
4645 55623 860
4645 55623 861
4645 55623 862
4645 55623 863
4645 55623 864
4645 55623 865
4645 55623 866
4645 55623 867
4645 55623 868
4645 55623 869
4645 55623 87
4645 55623 870
4645 55623 871
4645 55623 872
4645 55623 873
4645 55623 874
4645 55623 875
4645 55623 876
4645 55623 877
4645 55623 878
4645 55623 879
4645 55623 88
4645 55623 880
4645 55623 881
4645 55623 882
4645 55623 883
4645 55623 884
4645 55623 885
4645 55623 886
4645 55623 887
4645 55623 888
4645 55623 889
4645 55623 89
4645 55623 890
4645 55623 891
4645 55623 892
4645 55623 893
4645 55623 894
4645 55623 895
4645 55623 896
4645 55623 897
4645 55623 898
4645 55623 899
4645 55623 9
4645 55623 90
4645 55623 900
4645 55623 901
4645 55623 902
5023 55858 903
5023 55858 904
5023 55858 905
5023 55858 906
5023 55858 907
5023 55858 908
5023 55858 909
5023 55858 91
5023 55858 910
5023 55858 911
5023 55858 912
5023 55858 913
5023 55858 914
5023 55858 915
5023 55858 916
5023 55858 917
5023 55858 918
5023 55858 919
5023 55858 92
5023 55858 920
5023 55858 921
5023 55858 922
5023 55858 923
5023 55858 924
5023 55858 925
5023 55858 926
5023 55858 927
5023 55858 928
5023 55858 929
5023 55858 93
5023 55858 930
5023 55858 931
5023 55858 932
5023 55858 933
5023 55858 934
5023 55858 935
5023 55858 936
5023 55858 937
5023 55858 938
5023 55858 939
5023 55858 94
5023 55858 940
5023 55858 941
5023 55858 942
5023 55858 943
5023 55858 944
5023 55858 945
5023 55858 946
5023 55858 947
5023 55858 948
5023 55858 949
5023 55858 95
5023 55858 950
5023 55858 951
5023 55858 952
5023 55858 953
5023 55858 954
5023 55858 955
5023 55858 956
5023 55858 957
5023 55858 958
5023 55858 959
5023 55858 96
5023 55858 960
5023 55858 961
5023 55858 962
5023 55858 963
5023 55858 964
4645 55623 904
4645 55623 905
4645 55623 906
4645 55623 907
4645 55623 908
4645 55623 909
4645 55623 91
4645 55623 910
4645 55623 911
4645 55623 912
4645 55623 913
4645 55623 914
4645 55623 915
4645 55623 916
4645 55623 917
4645 55623 918
4645 55623 919
4645 55623 92
4645 55623 920
4645 55623 921
4645 55623 922
4645 55623 923
4645 55623 924
4645 55623 925
4645 55623 926
4645 55623 927
4645 55623 928
4645 55623 929
4645 55623 93
4645 55623 930
4645 55623 931
4645 55623 932
4645 55623 933
4645 55623 934
4645 55623 935
4645 55623 936
4645 55623 937
4645 55623 938
4645 55623 939
4645 55623 94
4645 55623 940
4645 55623 941
4645 55623 942
4645 55623 943
4645 55623 944
4645 55623 945
4645 55623 946
4645 55623 947
4645 55623 948
4645 55623 949
4645 55623 95
4645 55623 950
4645 55623 951
4645 55623 952
4645 55623 953
4645 55623 954
4645 55623 955
4645 55623 956
4645 55623 957
4645 55623 958
4645 55623 959
4645 55623 96
4645 55623 960
4645 55623 961
4645 55623 962
4645 55623 963
4645 55623 964
4645 55623 965
5023 55858 966
5023 55858 967
5023 55858 968
5023 55858 969
5023 55858 97
5023 55858 970
5023 55858 971
5023 55858 972
5023 55858 973
5023 55858 974
5023 55858 975
5023 55858 976
5023 55858 977
5023 55858 978
5023 55858 979
5023 55858 98
5023 55858 980
5023 55858 981
5023 55858 982
5023 55858 983
5023 55858 984
5023 55858 985
5023 55858 986
5023 55858 987
5023 55858 988
5023 55858 989
5023 55858 99
5023 55858 990
5023 55858 991
5023 55858 992
5023 55858 993
5023 55858 994
5023 55858 995
5023 55858 996
5023 55858 997
5023 55858 998
5023 55858 999
4645 55623 966
4645 55623 967
4645 55623 968
4645 55623 969
4645 55623 97
4645 55623 970
4645 55623 971
4645 55623 972
4645 55623 973
4645 55623 974
4645 55623 975
4645 55623 976
4645 55623 977
4645 55623 978
4645 55623 979
4645 55623 98
4645 55623 980
4645 55623 981
4645 55623 982
4645 55623 983
4645 55623 984
4645 55623 985
4645 55623 986
4645 55623 987
4645 55623 988
4645 55623 989
4645 55623 99
4645 55623 990
4645 55623 991
4645 55623 992
4645 55623 993
4645 55623 994
4645 55623 995
4645 55623 996
4645 55623 997
4645 55623 998
4645 55623 999
4856 55712 1
4856 55712 10
4856 55712 100
4856 55712 1000
4856 55712 101
4856 55712 102
4856 55712 103
4856 55712 104
4856 55712 105
4856 55712 106
4856 55712 107
4856 55712 108
4856 55712 109
4856 55712 11
4856 55712 110
4856 55712 111
4856 55712 112
4856 55712 113
4856 55712 114
4856 55712 115
4856 55712 116
4856 55712 117
4856 55712 118
4856 55712 119
4856 55712 12
4856 55712 120
